82332 SBMN Manaus (Aeroporto) Observations at 00Z 27 Feb 2026
-----------------------------------------------------------------------------
   PRES   HGHT   TEMP   DWPT   RELH   MIXR   DRCT   SKNT   THTA   THTE   THTV
    hPa     m      C      C      %    g/kg    deg   knot     K      K      K 
-----------------------------------------------------------------------------
 1002.0     84   23.8   22.1     90  17.03    320      4  296.8  346.1  299.8
 1000.0    104   23.6   22.1     91  17.07      5      5  296.8  346.2  299.8
  984.0    245   23.0   21.5     91  16.75      5     12  297.5  346.2  300.5
  949.0    561   21.7   20.3     92  16.06     10     26  299.3  346.4  302.2
  925.0    785   20.8   19.4     92  15.58     10     23  300.6  346.5  303.4
  898.0   1042   20.2   18.2     88  14.87     13     21  302.5  346.7  305.2
  879.0   1226   19.0   17.2     89  14.27     15     19  303.1  345.7  305.7
  850.0   1515   17.2   15.7     91  13.37      0     15  304.1  344.2  306.6
  845.0   1565   16.7   15.6     93  13.38      0     15  304.2  344.2  306.6
  833.0   1688   15.6   15.4     99  13.39      8     14  304.2  344.3  306.7
  808.0   1945   14.5   14.2     98  12.78     25     12  305.7  344.2  308.0
  734.0   2754   10.9   10.5     97  11.00     10     16  310.3  344.2  312.4
  700.0   3154    9.2    8.7     97  10.19     15     10  312.6  344.4  314.6
  663.0   3594    6.9    6.3     96   9.13     45      3  314.9  343.7  316.7
  584.0   4622    1.5    0.8     95   6.99     20     10  320.3  343.0  321.6
  531.0   5393   -2.5   -3.4     94   5.65      5     13  324.2  343.1  325.4
  500.0   5880   -5.1   -6.0     93   4.92     30     12  326.8  343.4  327.7
  486.0   6104   -4.7   -8.1     77   4.30     57     11  329.9  344.7  330.8
  482.0   6169   -4.9   -8.7     75   4.15     65     11  330.4  344.7  331.2
  466.0   6434   -5.9  -10.9     68   3.59     75     13  332.4  345.0  333.1
  428.0   7091  -11.7  -13.4     87   3.19     40     14  333.2  344.5  333.9
  413.0   7367  -14.1  -14.5     97   3.03     37     19  333.5  344.3  334.1
  401.0   7591  -14.3  -25.3     39   1.23     35     23  336.1  340.7  336.3
  400.0   7610  -14.5  -25.5     39   1.21     35     23  336.1  340.6  336.3
  393.0   7743  -15.3  -29.3     29   0.87     38     24  336.7  340.0  336.9
  378.0   8036  -17.9  -35.9     19   0.47     43     27  337.0  338.9  337.1
  374.0   8114  -18.6  -34.8     23   0.54     45     28  337.1  339.3  337.2
  359.0   8418  -21.4  -30.3     44   0.86     55     22  337.4  340.7  337.6
  355.0   8501  -22.1  -29.1     53   0.98     66     21  337.5  341.2  337.7
  335.0   8925  -23.9  -27.5     72   1.20    120     15  340.6  345.2  340.9
  331.0   9013  -24.3  -27.2     77   1.25    124     12  341.3  346.1  341.6
  324.0   9168  -25.7  -27.6     84   1.23    130      8  341.5  346.2  341.7
  321.0   9235  -26.3  -27.8     87   1.22    124      9  341.5  346.2  341.8
  308.0   9531  -28.7  -30.2     87   1.01    100     12  342.2  346.1  342.4
  300.0   9720  -30.3  -31.8     87   0.89    100     13  342.6  346.1  342.7
  298.0   9767  -30.7  -32.0     88   0.88    100     13  342.6  346.1  342.8
  295.0   9839  -31.3  -32.4     90   0.86    109     13  342.8  346.2  343.0
  285.0  10081  -33.2  -34.7     86   0.71    140     13  343.5  346.4  343.7
  278.0  10256  -34.5  -36.3     84   0.62    126     15  344.0  346.5  344.2
  275.0  10332  -34.7  -39.7     60   0.44    120     16  344.8  346.6  344.9
  257.0  10801  -37.9  -48.9     31   0.17    131     20  346.8  347.6  346.9
  250.0  10990  -39.5  -49.5     34   0.17    135     22  347.2  347.9  347.2
  229.0  11582  -44.5  -58.5     19   0.06    145     21  348.4  348.7  348.4
  210.0  12154  -49.9  -62.9     20   0.04    155     20  348.7  348.9  348.7
  202.0  12405  -51.6  -69.4     10   0.02    160     20  349.8  349.9  349.8
  200.0  12470  -52.1  -71.1      8   0.01    160     20  350.1  350.2  350.1
  194.0  12667  -53.7  -73.7      7   0.01    148     20  350.6  350.6  350.6
  176.0  13274  -58.8  -76.5      8   0.01    110     22  352.2  352.2  352.2
  154.0  14106  -65.7  -80.3     11   0.00     90     27  354.0  354.0  354.0
  150.0  14270  -67.1  -81.1     12   0.00     90     27  354.3  354.3  354.3
  131.0  15072  -74.7  -81.7     33   0.00     93     26  354.7  354.7  354.7
  121.0  15527  -78.2  -84.6     35   0.00     95     26  356.4  356.4  356.4
  117.0  15720  -79.7  -85.9     36   0.00    105     31  357.1  357.1  357.1
  115.0  15819  -80.5  -86.5     36   0.00    103     27  357.4  357.4  357.4
  106.0  16275  -82.6  -88.6     35   0.00     95     10  361.8  361.8  361.8
  101.0  16545  -83.9  -89.9     35   0.00    140      9  364.4  364.4  364.4
  100.0  16600  -83.5  -90.5     29   0.00    120      6  366.2  366.2  366.2
   94.0  16941  -84.0  -91.3     27   0.00     75     11  371.7  371.7  371.7
   92.0  17060  -84.2  -91.6     27   0.00     95     14  373.7  373.7  373.7
   83.7  17582  -84.9  -92.9     24   0.00     90     34  382.4  382.4  382.4
   82.0  17695  -83.1  -92.2     20   0.00     85     35  388.3  388.3  388.3
   80.7  17784  -81.7  -91.7     17   0.00     83     31  393.0  393.0  393.0
   79.4  17876  -76.1  -87.1     16   0.00     80     28  406.4  406.4  406.4
   76.4  18097  -76.9  -86.9     19   0.00     75     19  409.2  409.2  409.2
   74.0  18281  -76.5  -87.3     17   0.00     70     12  413.7  413.7  413.7
   70.0  18600  -75.9  -87.9     14   0.00    100      5  421.7  421.7  421.7
   68.0  18768  -75.7  -88.0     13   0.00    210     10  425.6  425.6  425.6
   66.0  18941  -75.5  -88.0     13   0.00    190     13  429.7  429.7  429.7
   63.0  19211  -75.2  -88.1     12   0.00    115     14  436.1  436.1  436.1
   62.0  19304  -75.1  -88.1     12   0.00     95     16  438.3  438.3  438.3
   58.0  19690  -74.7  -88.2     11   0.00    205      1  447.7  447.7  447.7
   55.0  19998  -74.3  -88.3     10   0.00     20     10  455.4  455.4  455.4
   54.7  20030  -74.3  -88.3     10   0.00     25     11  456.1  456.2  456.1
   52.0  20328  -70.9  -87.5      7   0.00     75     20  470.6  470.6  470.6
   51.5  20385  -70.3  -87.3      7   0.00     81     20  473.4  473.4  473.4
   50.0  20560  -70.5  -87.5      7   0.00    100     21  476.9  477.0  476.9
   49.0  20679  -71.3  -88.1      7   0.00    115     25  477.7  477.8  477.7
   46.5  20987  -73.5  -89.5      7   0.00    109     31  479.7  479.8  479.7
   43.0  21448  -71.0  -88.9      6   0.00    100     40  496.8  496.8  496.8
   42.9  21461  -70.9  -88.9      5   0.00                497.3  497.3  497.3

                         Station identifier: SBMN
                             Station number: 82332
                           Observation time: 260227/0000
                           Station latitude: -3.15
                          Station longitude: -59.98
                          Station elevation: 84.0
                            Showalter index: 0.12
                               Lifted index: -0.66
    LIFT computed using virtual temperature: -0.76
                                SWEAT index: 230.40
                                    K index: 37.50
                         Cross totals index: 20.80
                      Vertical totals index: 22.30
                        Totals totals index: 43.10
      Convective Available Potential Energy: 97.03
             CAPE using virtual temperature: 122.05
                      Convective Inhibition: -34.51
             CINS using virtual temperature: -31.20
                           Equilibrum Level: 340.01
 Equilibrum Level using virtual temperature: 338.91
                   Level of Free Convection: 840.04
             LFCT using virtual temperature: 842.69
                     Bulk Richardson Number: 77.76
          Bulk Richardson Number using CAPV: 97.81
  Temp [K] of the Lifted Condensation Level: 293.99
Pres [hPa] of the Lifted Condensation Level: 953.41
   Equivalent potential temp [K] of the LCL: 346.23
     Mean mixed layer potential temperature: 298.04
              Mean mixed layer mixing ratio: 16.56
              1000 hPa to 500 hPa thickness: 5776.00
Precipitable water [mm] for entire sounding: 62.25
