82332 SBMN Manaus (Aeroporto) Observations at 00Z 06 Mar 2026
-----------------------------------------------------------------------------
   PRES   HGHT   TEMP   DWPT   RELH   MIXR   DRCT   SKNT   THTA   THTE   THTV
    hPa     m      C      C      %    g/kg    deg   knot     K      K      K 
-----------------------------------------------------------------------------
 1000.0     77                                                               
  999.0     84   27.6   21.6     70  16.56      0      0  300.8  349.7  303.8
  994.0    129   30.6   21.6     59  16.64      1      0  304.3  354.1  307.3
  925.0    773   25.4   20.4     74  16.61     10      6  305.3  355.2  308.3
  850.0   1510   19.6   15.3     76  13.03     10      9  306.7  346.1  309.1
  847.0   1541   19.4   15.4     78  13.16     12      9  306.8  346.6  309.2
  822.0   1797   17.7   13.9     78  12.26     25     11  307.6  345.0  309.9
  791.0   2127   15.6   11.9     79  11.19     21     11  308.8  343.0  310.8
  701.0   3142    9.4    3.4     66   7.02     10     10  312.7  334.9  314.1
  700.0   3154    9.4    2.4     62   6.54     10     10  312.9  333.6  314.1
  695.0   3214    9.5    0.0     52   5.55     10     10  313.6  331.4  314.7
  684.0   3346    9.8   -5.2     34   3.81     22     10  315.4  327.9  316.1
  659.0   3655    8.4  -10.6     25   2.60     48     11  317.2  325.9  317.7
  644.0   3844    7.3   -8.0     33   3.28     65     12  318.0  329.0  318.6
  599.0   4439    3.8    0.4     78   6.62     74     16  320.6  342.2  321.9
  571.0   4828    1.2   -2.2     78   5.74     80     19  322.0  340.9  323.1
  525.0   5501   -1.8   -8.4     61   3.89    115     15  326.2  339.5  327.0
  520.0   5578   -2.1   -9.1     59   3.71    125     15  326.7  339.5  327.5
  512.0   5701   -2.3  -15.3     36   2.29    140     16  327.9  336.0  328.4
  500.0   5890   -2.7  -24.7     17   1.04    115     14  329.7  333.6  329.9
  497.0   5938   -2.9  -34.9      6   0.40    112     14  330.0  331.6  330.1
  477.0   6261   -4.9  -41.9      4   0.20     90     15  331.4  332.3  331.5
  468.0   6409   -6.1  -29.7     14   0.70     80     15  331.7  334.4  331.9
  461.0   6527   -7.1  -20.1     35   1.69     52     11  331.9  338.1  332.3
  452.0   6680   -6.7  -44.7      3   0.16     14      7  334.3  335.0  334.3
  445.0   6802   -7.3  -46.3      3   0.14    345      3  335.1  335.6  335.1
  400.0   7620  -13.3  -39.3      9   0.32    265      3  337.6  338.9  337.7
  385.0   7910  -16.1  -38.1     13   0.37    301      3  337.6  339.2  337.7
  373.0   8148  -18.1  -28.1     41   1.02    331      2  338.1  342.0  338.3
  367.0   8270  -19.1  -39.1     15   0.35    347      2  338.3  339.7  338.4
  358.0   8453  -20.7  -36.1     24   0.49     10      2  338.6  340.6  338.7
  337.0   8899  -24.5  -28.8     67   1.06     41      9  339.3  343.3  339.5
  333.0   8986  -24.9  -25.4     96   1.46     47     10  339.9  345.4  340.2
  300.0   9740  -29.9  -32.7     77   0.82    100     22  343.1  346.4  343.3
  292.0   9931  -31.4  -35.4     67   0.65     95     26  343.7  346.3  343.8
  286.0  10078  -32.5  -37.5     61   0.53    101     28  344.1  346.3  344.2
  274.0  10377  -35.1  -38.2     73   0.52    112     33  344.6  346.7  344.7
  271.0  10453  -35.5  -38.7     73   0.50    115     34  345.1  347.1  345.2
  255.0  10873  -37.8  -41.4     69   0.40    115     41  347.8  349.5  347.9
  250.0  11010  -38.5  -42.3     67   0.37    115     39  348.7  350.2  348.8
  245.0  11149  -39.7  -43.6     66   0.33    118     39  348.9  350.3  349.0
  200.0  12500  -52.1  -56.2     61   0.09    145     38  350.1  350.5  350.1
  199.0  12532  -52.4  -56.5     61   0.09    145     39  350.1  350.6  350.2
  170.0  13528  -61.7  -65.2     63   0.03    141     34  350.8  351.0  350.8
  162.0  13822  -64.4  -68.2     59   0.02    140     32  351.2  351.3  351.2
  152.0  14211  -67.9  -72.2     54   0.01    148     32  351.6  351.7  351.6
  150.0  14290  -68.5  -73.0     52   0.01    150     32  351.9  352.0  351.9
  149.0  14329  -68.8  -73.3     52   0.01    150     32  352.0  352.1  352.0
  138.0  14782  -72.5  -77.1     49   0.01    155     20  353.4  353.4  353.4
  130.0  15134  -75.3  -80.1     47   0.01    141     24  354.4  354.4  354.4
  112.0  15975  -82.0  -86.0     50   0.00    105     33  357.4  357.4  357.4
  103.0  16448  -85.7  -89.4     52   0.00    105     32  358.9  358.9  358.9
  101.0  16555  -85.7  -89.6     50   0.00    105     30  360.9  360.9  360.9
  100.0  16610  -85.9  -89.8     50   0.00    105     30  361.5  361.5  361.5
   98.5  16693  -86.1  -90.0     50   0.00     98     31  362.7  362.7  362.7
   92.0  17078  -80.0  -86.3     35   0.00     65     34  381.9  381.9  381.9
   89.0  17265  -77.0  -84.5     30   0.00     75     22  391.5  391.5  391.5
   87.7  17348  -75.7  -83.7     28   0.00     67     19  395.8  395.8  395.8
   85.0  17528  -76.7  -84.7     27   0.00     50     12  397.4  397.4  397.4
   80.0  17877  -78.5  -86.5     26   0.00     90     11  400.6  400.6  400.6
   76.0  18170  -78.3  -86.7     25   0.00     90     12  406.8  406.8  406.8
   70.0  18640  -78.1  -87.1     22   0.00    115     10  417.0  417.0  417.0
   64.0  19156  -76.5  -87.0     18   0.00     25      5  431.3  431.3  431.3
   63.0  19246  -76.2  -87.0     17   0.00     15     10  433.9  433.9  433.9
   60.0  19527  -75.3  -86.9     15   0.00     25     12  441.9  441.9  441.9
   58.5  19673  -74.9  -86.9     14   0.00     13     12  446.1  446.1  446.1
   57.0  19823  -75.3  -87.3     14   0.00      0     11  448.4  448.4  448.4
   54.0  20135  -76.3  -88.3     14   0.00     75     10  453.2  453.2  453.2
   50.4  20532  -77.5  -89.5     13   0.00     93      7  459.4  459.4  459.4
   50.0                                        95      7                     

                         Station identifier: SBMN
                             Station number: 82332
                           Observation time: 260306/0000
                           Station latitude: -3.15
                          Station longitude: -59.98
                          Station elevation: 84.0
                            Showalter index: 1.79
                               Lifted index: -1.09
    LIFT computed using virtual temperature: -2.05
                                SWEAT index: 215.59
                                    K index: 30.60
                         Cross totals index: 18.00
                      Vertical totals index: 22.30
                        Totals totals index: 40.30
      Convective Available Potential Energy: 1054.53
             CAPE using virtual temperature: 1252.50
                      Convective Inhibition: -44.50
             CINS using virtual temperature: -31.42
                           Equilibrum Level: 132.64
 Equilibrum Level using virtual temperature: 132.54
                   Level of Free Convection: 808.37
             LFCT using virtual temperature: 830.56
                     Bulk Richardson Number: 175.42
          Bulk Richardson Number using CAPV: 208.35
  Temp [K] of the Lifted Condensation Level: 292.57
Pres [hPa] of the Lifted Condensation Level: 870.34
   Equivalent potential temp [K] of the LCL: 354.13
     Mean mixed layer potential temperature: 304.44
              Mean mixed layer mixing ratio: 16.63
              1000 hPa to 500 hPa thickness: 5813.00
Precipitable water [mm] for entire sounding: 50.33
