82332 SBMN Manaus (Aeroporto) Observations at 00Z 18 Feb 2026
-----------------------------------------------------------------------------
   PRES   HGHT   TEMP   DWPT   RELH   MIXR   DRCT   SKNT   THTA   THTE   THTV
    hPa     m      C      C      %    g/kg    deg   knot     K      K      K 
-----------------------------------------------------------------------------
 1002.0     84   27.2   22.8     77  17.79     50      5  300.2  352.6  303.4
 1000.0     98   27.0   22.4     76  17.39     25     11  300.1  351.3  303.3
  995.0    142   26.9   21.8     74  16.87     25     11  300.5  350.1  303.5
  974.0    332   26.4   19.4     65  14.78     28      9  301.8  345.6  304.5
  925.0    786   22.4   19.3     83  15.48     35      5  302.2  348.1  305.0
  871.0   1305   18.7   17.5     93  14.69     75     10  303.6  347.4  306.3
  850.0   1515   17.2   16.8     98  14.37    100     14  304.1  347.1  306.8
  843.0   1585   16.9   16.5     98  14.21    100     14  304.6  347.1  307.1
  788.0   2157   14.4   14.1     98  12.97     90     19  307.8  347.2  310.2
  770.0   2353   13.5   13.2     98  12.57     85     17  308.9  347.3  311.2
  753.0   2542   12.7   12.4     98  12.18     55     14  310.0  347.4  312.2
  708.0   3065   10.4   10.2     99  11.16     72     16  312.9  347.7  315.1
  700.0   3160   10.6    9.2     91  10.54     75     16  314.2  347.2  316.2
  676.0   3450    8.6    6.9     89   9.32     80     17  315.1  344.5  316.9
  671.0   3511    9.0    4.0     71   7.65     82     17  316.2  340.6  317.7
  656.0   3694    7.8    3.2     72   7.39     85     17  317.0  340.6  318.4
  600.0   4417    3.3   -0.1     79   6.40     80     10  319.9  340.8  321.1
  553.0   5078   -0.8   -3.0     85   5.58    120     11  322.6  341.0  323.6
  535.0   5346   -2.5   -4.2     88   5.27     85     10  323.6  341.2  324.6
  514.0   5662   -3.9   -6.9     80   4.45    125     13  325.6  340.7  326.5
  501.0   5864   -4.8   -8.7     75   3.99    105     13  326.9  340.5  327.7
  500.0   5880   -4.9   -8.8     74   3.95    105     13  327.0  340.5  327.8
  484.0   6136   -6.7  -11.7     68   3.24    109     12  327.8  339.1  328.5
  448.0   6740   -9.7  -14.4     69   2.81    120     10  331.4  341.3  331.9
  436.0   6949  -11.1  -15.5     70   2.64     95     13  332.1  341.6  332.7
  400.0   7610  -15.7  -18.9     76   2.16    115      9  334.5  342.3  334.9
  394.0   7724  -16.5  -19.8     76   2.03    118      7  334.9  342.3  335.3
  390.0   7800  -16.9  -20.6     73   1.92    120      6  335.3  342.3  335.7
  352.0   8563  -21.5  -28.5     53   1.04    120     14  339.1  343.1  339.3
  300.0   9720  -30.7  -37.7     50   0.50    110     21  342.0  344.0  342.1
  281.0  10179  -34.3  -46.3     29   0.21    110     20  343.3  344.2  343.3
  275.0  10328  -35.7  -39.5     68   0.45    110     20  343.4  345.2  343.5
  265.0  10584  -37.7  -43.7     53   0.30    110     19  344.1  345.4  344.2
  259.0  10740  -39.3  -42.0     75   0.37    110     19  344.0  345.5  344.1
  253.0  10899  -40.5  -52.5     26   0.12    110     18  344.5  345.1  344.6
  250.0  10980  -41.1  -52.1     29   0.12    110     18  344.8  345.4  344.9
  239.0  11284  -43.7  -50.7     46   0.15    110     21  345.4  346.0  345.4
  228.0  11599  -46.0  -55.0     35   0.10    110     24  346.5  347.0  346.6
  223.0  11747  -47.1  -57.1     31   0.08    106     22  347.1  347.4  347.1
  207.0  12237  -50.7  -54.6     63   0.11     92     17  348.9  349.4  348.9
  200.0  12460  -52.9  -57.5     57   0.08     85     15  348.8  349.2  348.9
  196.0  12589  -54.0  -59.1     53   0.07     85     13  349.1  349.5  349.2
  189.0  12822  -55.9  -61.9     47   0.05     54      9  349.7  349.9  349.7
  187.0  12889  -56.3  -66.3     27   0.03     45      8  350.1  350.2  350.1
  184.0  12992  -56.9  -72.9     12   0.01     31      8  350.8  350.8  350.8
  167.0  13594  -62.2  -72.6     23   0.01    310     11  351.8  351.9  351.8
  162.0  13782  -63.8  -72.5     30   0.01    300     13  352.1  352.2  352.1
  160.0  13860  -64.5  -72.5     32   0.01    306     13  352.2  352.3  352.2
  150.0  14250  -67.9  -74.9     36   0.01    335     12  352.9  353.0  352.9
  148.0  14329  -68.5  -75.2     37   0.01    335     12  353.3  353.3  353.3
  142.0  14574  -70.3  -76.2     41   0.01    335     12  354.3  354.3  354.3
  134.0  14917  -72.8  -77.7     48   0.01    290     16  355.7  355.7  355.7
  127.0  15234  -75.2  -79.0     55   0.01    275     17  356.9  357.0  356.9
  125.0  15328  -75.9  -79.4     58   0.01    277     15  357.3  357.3  357.3
  121.0  15513  -76.8  -80.4     57   0.01    280     11  358.9  359.0  358.9
  116.0  15754  -78.0  -81.7     55   0.00    235      1  361.1  361.1  361.1
  100.0  16600  -82.3  -86.3     51   0.00     60      6  368.5  368.5  368.5
   93.0  17001  -84.5  -88.2     53   0.00     90     21  371.8  371.8  371.8
   88.0  17307  -86.2  -89.6     54   0.00     90     35  374.4  374.4  374.4
   87.7  17326  -86.3  -89.7     55   0.00     90     35  374.5  374.5  374.5
   82.0  17703  -82.0  -87.8     37   0.00     65     29  390.5  390.5  390.5
   78.0  17984  -78.9  -86.4     28   0.00     90     22  402.7  402.7  402.7
   75.0  18204  -76.4  -85.3     23   0.00    125     24  412.4  412.5  412.4
   74.9  18212  -76.3  -85.3     23   0.00    125     24  412.8  412.8  412.8
   72.0  18438  -77.3  -86.9     20   0.00    130     31  415.2  415.2  415.2
   70.0  18600  -78.1  -88.1     19   0.00    115     36  417.0  417.0  417.0
   69.0  18682  -78.1  -88.1     19   0.00    115     36  418.7  418.7  418.7
   68.8  18699  -78.1  -88.1     19   0.00    113     35  419.1  419.1  419.1
   64.0  19117  -74.6  -86.4     15   0.00     75      9  435.4  435.4  435.4
   62.0  19301  -73.1  -85.6     14   0.00     85     12  442.7  442.8  442.7
   60.7  19424  -72.1  -85.1     13   0.00     90      9  447.7  447.7  447.7
   57.0  19792  -73.0  -86.6     11   0.00    105      2  453.8  453.8  453.8
   55.0  20001  -73.5  -87.5     10   0.00     94      7  457.3  457.3  457.3
   51.0  20444  -72.1  -87.7      8   0.00     70     16  470.6  470.6  470.6
   50.0  20560  -71.7  -87.7      8   0.00     70     16  474.1  474.1  474.1
   48.6  20727  -71.7  -87.7      8   0.00     81     24  478.0  478.0  478.0
   47.0  20928  -68.3  -86.8      5   0.00     95     33  490.8  490.8  490.8
   46.1  21043  -66.3  -86.3      5   0.01     91     37  498.3  498.3  498.3
   44.0  21326  -65.8  -87.0      4   0.00     80     45  506.2  506.2  506.2
   42.8  21494  -65.5  -87.5      3   0.00     77     44  510.9  510.9  510.9
   42.0  21608  -65.8  -87.8      3   0.00     75     44  513.0  513.0  513.0
   41.7  21652  -65.9  -87.9      3   0.00                513.7  513.8  513.7

                         Station identifier: SBMN
                             Station number: 82332
                           Observation time: 260218/0000
                           Station latitude: -3.15
                          Station longitude: -59.98
                          Station elevation: 84.0
                            Showalter index: -0.79
                               Lifted index: -0.90
    LIFT computed using virtual temperature: -1.19
                                SWEAT index: 242.61
                                    K index: 37.50
                         Cross totals index: 21.70
                      Vertical totals index: 22.10
                        Totals totals index: 43.80
      Convective Available Potential Energy: 229.40
             CAPE using virtual temperature: 279.24
                      Convective Inhibition: -57.15
             CINS using virtual temperature: -45.81
                           Equilibrum Level: 231.92
 Equilibrum Level using virtual temperature: 231.47
                   Level of Free Convection: 620.10
             LFCT using virtual temperature: 642.06
                     Bulk Richardson Number: 19.76
          Bulk Richardson Number using CAPV: 24.05
  Temp [K] of the Lifted Condensation Level: 291.98
Pres [hPa] of the Lifted Condensation Level: 894.79
   Equivalent potential temp [K] of the LCL: 347.35
     Mean mixed layer potential temperature: 301.42
              Mean mixed layer mixing ratio: 15.58
              1000 hPa to 500 hPa thickness: 5782.00
Precipitable water [mm] for entire sounding: 60.77
