82332 SBMN Manaus (Aeroporto) Observations at 12Z 17 Mar 2026
-----------------------------------------------------------------------------
   PRES   HGHT   TEMP   DWPT   RELH   MIXR   DRCT   SKNT   THTA   THTE   THTV
    hPa     m      C      C      %    g/kg    deg   knot     K      K      K 
-----------------------------------------------------------------------------
 1001.0     84   28.0   24.2     80  19.43     80      5  301.1  358.5  304.6
 1000.0     95   27.6   24.1     81  19.33     80      8  300.8  357.8  304.2
  953.0    520   25.5   21.1     77  16.81     45     17  302.8  352.8  305.8
  925.0    784   24.2   19.2     74  15.38     50     22  304.1  350.1  306.9
  908.0    946   23.1   18.6     76  15.07     50     23  304.5  349.7  307.3
  850.0   1521   19.2   16.4     84  14.00     55     19  306.2  348.5  308.8
  780.0   2257   14.8   12.5     86  11.81     58     14  309.1  345.3  311.3
  727.0   2849   11.8    8.7     81   9.78     60     10  312.1  342.6  314.0
  700.0   3168   10.2    6.6     78   8.81    110      7  313.8  341.4  315.4
  654.0   3731    7.8    1.8     66   6.71    142      4  317.2  338.8  318.5
  616.0   4220    5.0   -0.1     70   6.20    170      2  319.4  339.6  320.6
  588.0   4600    2.8   -1.6     73   5.82    213      7  321.2  340.3  322.3
  571.0   4834    1.1   -2.5     77   5.60    240     10  321.8  340.3  322.9
  524.0   5518   -4.0   -5.2     91   5.00    270     12  323.8  340.5  324.8
  507.0   5781   -5.9   -6.2     98   4.77    242     13  324.5  340.5  325.4
  503.0   5843   -5.8   -7.6     87   4.33    235     13  325.4  340.0  326.2
  500.0   5890   -5.7   -8.6     80   4.02    235     13  326.0  339.7  326.8
  476.0   6277   -7.1   -9.9     80   3.81    243     18  328.9  342.1  329.7
  469.0   6393   -6.9  -12.9     62   3.04    245     19  330.6  341.2  331.2
  451.0   6697   -9.4  -13.4     73   3.02    265     14  331.1  341.7  331.7
  437.0   6943  -11.5  -13.9     82   3.01    254     12  331.5  342.1  332.1
  420.0   7247  -13.0  -17.6     68   2.30    240     10  333.3  341.6  333.8
  402.0   7582  -14.7  -21.7     55   1.69    253      6  335.3  341.5  335.7
  400.0   7620  -14.9  -21.9     55   1.67    255      5  335.5  341.7  335.9
  361.0   8384  -21.3  -24.0     79   1.53    215      4  336.9  342.7  337.3
  310.0   9483  -29.0  -31.8     77   0.86    155      3  341.1  344.5  341.3
  300.0   9720  -30.7  -33.5     76   0.76    160     13  342.0  345.0  342.1
  289.0   9985  -32.5  -35.3     76   0.66    152     15  343.1  345.7  343.2
  286.0  10057  -33.1  -35.8     77   0.64    150     15  343.2  345.8  343.4
  277.0  10279  -35.0  -37.1     81   0.57    130     16  343.7  346.0  343.8
  253.0  10909  -40.3  -41.1     92   0.42    126     12  344.8  346.6  344.9
  250.0  10990  -41.1  -42.4     87   0.37    125     12  344.8  346.4  344.9
  246.0  11098  -42.0  -44.2     79   0.31    125     11  345.1  346.3  345.1
  233.0  11463  -45.1  -50.1     57   0.17    136     20  345.8  346.5  345.8
  228.0  11607  -46.5  -50.3     65   0.17    140     24  345.8  346.6  345.9
  225.0  11694  -47.3  -50.4     70   0.17    139     24  345.9  346.6  345.9
  200.0  12460  -53.5  -59.5     48   0.06    130     26  347.9  348.2  347.9
  176.0  13274  -59.5  -70.5     23   0.02    115     31  351.0  351.1  351.0
  168.0  13563  -62.0  -71.8     26   0.01    110     33  351.6  351.6  351.6
  162.0  13789  -63.9  -72.9     28   0.01    117     28  352.0  352.0  352.0
  151.0  14219  -66.3  -74.4     31   0.01    130     18  355.1  355.1  355.1
  150.0  14260  -66.5  -74.5     32   0.01    130     18  355.3  355.4  355.3
  141.0  14625  -69.3  -76.3     36   0.01    125      8  356.7  356.7  356.7
  135.0  14882  -71.3  -77.6     39   0.01    165     13  357.6  357.6  357.6
  125.0  15336  -74.9  -79.9     46   0.01    165     14  359.1  359.1  359.1
  117.0  15716  -78.1  -84.1     38   0.00    140     18  360.1  360.1  360.1
  114.0  15862  -78.7  -84.9     36   0.00    130     19  361.6  361.6  361.6
  111.0  16012  -79.4  -85.7     35   0.00    110     11  363.1  363.1  363.1
  107.0  16219  -80.3  -86.8     33   0.00     45      6  365.3  365.3  365.3
  100.0  16600  -81.9  -88.9     30   0.00     10     13  369.2  369.2  369.2
   94.0  16942  -84.7  -90.0     39   0.00     10     10  370.4  370.4  370.4
   89.0  17244  -87.1  -91.0     49   0.00     25      1  371.4  371.4  371.4
   86.0  17431  -86.8  -91.5     43   0.00     90     10  375.6  375.6  375.6
   80.9  17764  -86.3  -92.3     34   0.00     82     27  383.3  383.3  383.3
   80.0  17827  -84.3  -91.4     28   0.00     80     30  388.6  388.6  388.6
   78.0  17969  -79.8  -89.4     19   0.00     85     34  400.7  400.7  400.7
   76.9  18049  -77.3  -88.3     16   0.00     90     30  407.6  407.6  407.6
   74.0  18270  -76.6  -89.2     12   0.00    105     19  413.6  413.7  413.6
   73.0  18348  -76.3  -89.5     11   0.00    125     11  415.8  415.8  415.8
   72.0  18428  -76.0  -89.8     10   0.00    135     10  418.0  418.0  418.0
   70.0  18590  -75.5  -90.5      8   0.00    150      6  422.5  422.6  422.5
   68.5  18716  -73.9  -89.9      7   0.00    156      5  428.6  428.6  428.6
   64.0  19108  -76.0  -90.6      9   0.00    175      2  432.5  432.5  432.5
   60.0  19481  -77.9  -91.3     10   0.00    120     11  436.1  436.1  436.1
   58.9  19587  -78.5  -91.5     11   0.00    105     17  437.2  437.2  437.2
   57.0  19778  -75.8  -91.0      8   0.00     75     25  447.4  447.4  447.4
   55.0  19987  -72.8  -90.6      5   0.00     80     32  458.8  458.8  458.8
   53.2  20181  -70.1  -90.1      4   0.00     87     32  469.5  469.5  469.5
   51.0  20432  -69.8  -90.5      4   0.00     95     32  475.8  475.9  475.8
   50.0  20550  -69.7  -90.7      3   0.00     85     33  478.8  478.9  478.8
   47.0  20920  -69.4  -90.4      3   0.00     70     39  488.1  488.1  488.1
   44.2  21287  -69.1  -90.1      3   0.00     77     40  497.5  497.5  497.5
   40.6  21802  -63.1  -90.1      2   0.00     86     41  524.7  524.7  524.7
   39.0  22053  -62.4  -89.9      1   0.00     90     42  532.6  532.6  532.6
   34.0  22908  -59.9  -89.4      1   0.00    100     60  560.3  560.4  560.3
   30.4  23606  -57.9  -88.9      1   0.00     91     69  584.0  584.0  584.0
   30.0  23690  -56.9  -88.9      1   0.00     90     70  588.9  589.0  588.9
   29.7  23755  -56.2  -88.5      1   0.01     90     70  592.6  592.6  592.6
   27.6  24225  -50.9  -85.9      1   0.01     81     47  619.9  620.0  619.9
   25.2  24820  -48.3  -84.3      1   0.01     71     18  643.6  643.8  643.6
   25.0  24873  -48.5  -84.4      1   0.01     70     15  644.5  644.6  644.5
   24.0  25140  -49.7  -84.7      1   0.01     60     12  648.7  648.8  648.7
   23.0  25418  -50.9  -85.0      1   0.01    280     11  653.1  653.3  653.1
   22.8  25475  -51.1  -85.1      1   0.01    281     12  654.0  654.2  654.1
   21.4  25889  -48.7  -84.7      1   0.01    288     17  673.2  673.4  673.2
   21.0                                       290     18                     

                         Station identifier: SBMN
                             Station number: 82332
                           Observation time: 260317/1200
                           Station latitude: -3.15
                          Station longitude: -59.98
                          Station elevation: 84.0
                            Showalter index: -2.10
                               Lifted index: -4.30
    LIFT computed using virtual temperature: -4.79
                                SWEAT index: 247.79
                                    K index: 37.70
                         Cross totals index: 22.10
                      Vertical totals index: 24.90
                        Totals totals index: 47.00
      Convective Available Potential Energy: 1641.57
             CAPE using virtual temperature: 1776.46
                      Convective Inhibition: -48.41
             CINS using virtual temperature: -34.01
                           Equilibrum Level: 152.46
 Equilibrum Level using virtual temperature: 152.41
                   Level of Free Convection: 825.76
             LFCT using virtual temperature: 847.21
                     Bulk Richardson Number: 405.46
          Bulk Richardson Number using CAPV: 438.78
  Temp [K] of the Lifted Condensation Level: 294.58
Pres [hPa] of the Lifted Condensation Level: 918.00
   Equivalent potential temp [K] of the LCL: 354.80
     Mean mixed layer potential temperature: 301.90
              Mean mixed layer mixing ratio: 17.91
              1000 hPa to 500 hPa thickness: 5795.00
Precipitable water [mm] for entire sounding: 59.63
