82332 SBMN Manaus (Aeroporto) Observations at 12Z 07 Mar 2026
-----------------------------------------------------------------------------
   PRES   HGHT   TEMP   DWPT   RELH   MIXR   DRCT   SKNT   THTA   THTE   THTV
    hPa     m      C      C      %    g/kg    deg   knot     K      K      K 
-----------------------------------------------------------------------------
 1002.0     84   25.2   23.1     88  18.13     80      2  298.2  351.1  301.4
 1000.0    102   25.0   23.1     89  18.17     95      6  298.1  351.1  301.4
  976.0    315   24.3   21.8     86  17.20     95     14  299.5  350.0  302.6
  928.0    759   22.8   19.2     80  15.33     86     16  302.3  347.9  305.1
  925.0    787   22.8   19.3     81  15.48     85     16  302.6  348.6  305.4
  880.0   1220   20.4   16.8     79  13.84     75     22  304.5  346.0  307.0
  850.0   1521   18.8   15.0     79  12.77     65     17  305.8  344.4  308.2
  847.0   1551   18.6   14.6     78  12.49     65     17  305.9  343.6  308.2
  815.0   1879   16.5   13.7     83  12.19     65     16  307.1  344.1  309.4
  759.0   2484   12.7   11.9     95  11.66     30     12  309.3  345.0  311.4
  741.0   2688   11.4   11.3     99  11.48     28     13  310.0  345.3  312.1
  723.0   2893   10.8    6.0     72   8.17     25     14  311.5  337.1  313.1
  711.0   3033   10.0    8.0     87   9.56     41     14  312.1  341.9  313.9
  706.0   3092   10.2    3.2     62   6.87     47     14  313.0  334.7  314.3
  700.0   3163    9.8    4.8     71   7.76     55     14  313.3  337.8  314.8
  695.0   3222    9.4    4.6     72   7.72     55     14  313.6  337.9  315.0
  644.0   3845    5.6    2.8     82   7.31     55     14  316.1  339.4  317.5
  589.0   4574    1.1    0.6     97   6.84     95     13  319.0  341.1  320.3
  579.0   4714    0.2    0.2    100   6.75     92     13  319.5  341.4  320.8
  544.0   5211   -2.0   -3.3     91   5.54     80     12  322.7  341.0  323.8
  524.0   5509   -3.3   -5.4     85   4.90     95     13  324.6  341.0  325.5
  515.0   5647   -3.9   -6.4     83   4.63     88     10  325.5  341.1  326.4
  500.0   5880   -5.7   -6.4     95   4.77     75      4  326.0  342.1  327.0
  438.0   6908  -11.7  -11.9     98   3.53    290      1  331.0  343.3  331.7
  400.0   7600  -14.9  -17.5     81   2.43     90      6  335.5  344.3  336.0
  370.0   8187  -18.1  -24.1     59   1.48     93      6  338.8  344.4  339.1
  352.0   8559  -20.9  -27.9     53   1.10     94      6  339.9  344.2  340.2
  328.0   9077  -25.3  -28.8     73   1.09     97      7  340.8  345.0  341.0
  300.0   9720  -29.5  -39.5     37   0.41    100      7  343.7  345.4  343.8
  296.0   9816  -29.9  -43.9     24   0.26     99      7  344.4  345.6  344.5
  255.0  10855  -39.3  -51.3     27   0.13     85      6  345.5  346.1  345.6
  250.0  10990  -40.5  -52.5     26   0.12     95      8  345.7  346.2  345.7
  244.0  11154  -41.7  -55.3     21   0.09     95     13  346.3  346.7  346.3
  236.0  11378  -43.4  -59.1     16   0.06    125     14  347.1  347.4  347.1
  230.0  11552  -44.7  -62.1     13   0.04    125     13  347.7  347.9  347.7
  228.0  11611  -45.1  -63.1     11   0.03    117     13  347.9  348.1  347.9
  225.0  11697  -45.9  -63.7     12   0.03    105     13  348.1  348.2  348.1
  211.0  12119  -49.6  -66.4     12   0.02    100     20  348.7  348.8  348.7
  200.0  12470  -52.7  -68.7     13   0.02    120     21  349.1  349.2  349.2
  199.0  12502  -53.0  -68.8     13   0.02    120     21  349.2  349.3  349.2
  183.0  13030  -57.9  -70.1     20   0.02    100     20  349.6  349.7  349.6
  166.0  13645  -63.7  -71.7     33   0.01    113     26  349.9  349.9  349.9
  164.0  13718  -64.3  -72.2     33   0.01    115     27  350.1  350.2  350.1
  150.0  14260  -68.5  -75.5     36   0.01    110     32  351.9  351.9  351.9
  142.0  14586  -71.1  -76.1     47   0.01    110     34  352.9  352.9  352.9
  133.0  14961  -73.6  -78.5     48   0.01    110     36  355.1  355.1  355.1
  128.0  15180  -75.1  -79.9     48   0.01    115     34  356.3  356.3  356.3
  120.0  15549  -77.6  -82.2     48   0.00     90     20  358.3  358.4  358.4
  113.0  15893  -80.0  -84.4     48   0.00     25     10  360.2  360.2  360.2
  101.0  16535  -84.3  -88.5     48   0.00    315     18  363.6  363.6  363.6
  100.0  16590  -84.9  -89.0     49   0.00    315     18  363.4  363.5  363.4
   99.0  16645  -85.3  -89.5     47   0.00    315     14  363.7  363.7  363.7
   98.5  16673  -85.5  -89.8     47   0.00    315     14  363.9  363.9  363.9
   88.4  17272  -81.7  -87.7     36   0.00    358      1  382.9  382.9  382.9
   88.0  17297  -81.8  -87.8     36   0.00      0      0  383.2  383.2  383.2
   86.0  17425  -82.4  -88.1     37   0.00    210     10  384.5  384.5  384.5
   83.0  17622  -83.3  -88.7     39   0.00    205     16  386.6  386.7  386.6
   79.0  17896  -84.5  -89.5     42   0.00    153     21  389.6  389.6  389.6
   78.0  17967  -84.2  -89.5     40   0.00    140     22  391.7  391.7  391.7
   75.0  18184  -83.2  -89.3     35   0.00    135     32  398.2  398.2  398.2
   71.9  18418  -82.1  -89.1     30   0.00    104     22  405.3  405.3  405.3
   70.0  18570  -76.9  -86.9     19   0.00     85     16  419.6  419.6  419.6
   69.1  18645  -73.9  -84.9     17   0.00     79     14  427.5  427.6  427.5
   67.4  18792  -72.9  -84.9     15   0.00     68     11  432.8  432.8  432.8
   67.0  18826  -73.0  -85.0     15   0.00     65     10  433.2  433.3  433.2
   60.0  19471  -75.2  -87.2     14   0.00     85     25  442.2  442.2  442.2
   56.9  19780  -76.3  -88.3     14   0.00     81     28  446.5  446.5  446.5
   53.0  20194  -73.8  -88.3      9   0.00     75     31  461.4  461.4  461.4
   52.2  20283  -73.3  -88.3      9   0.00     71     28  464.6  464.6  464.6
   51.0  20421  -69.4  -86.3      7   0.00     65     24  476.8  476.8  476.8
   50.9  20433  -69.1  -86.1      7   0.00     66     24  477.8  477.8  477.8
   50.0  20540  -69.1  -87.1      6   0.00     70     23  480.2  480.3  480.2
   48.0  20789  -68.3  -87.3      5   0.00     95     26  487.7  487.8  487.7
   45.0  21181  -67.1  -87.5      4   0.00     75     44  499.8  499.9  499.8
   32.0  23257  -60.5  -89.0      1   0.00    100     56  568.4  568.5  568.5
   30.0  23650  -59.3  -89.3      1   0.00    100     64  582.4  582.4  582.4
   26.5  24428  -58.3  -88.3      1   0.01     96     64  606.2  606.3  606.2
   26.0  24549  -57.8  -88.2      1   0.01     95     64  610.8  610.9  610.8
   25.9  24573  -57.8  -88.1      1   0.01     95     64  611.8  611.8  611.8
   25.0  24796  -56.9  -87.9      1   0.01                620.4  620.5  620.4

                         Station identifier: SBMN
                             Station number: 82332
                           Observation time: 260307/1200
                           Station latitude: -3.15
                          Station longitude: -59.98
                          Station elevation: 84.0
                            Showalter index: -0.55
                               Lifted index: -2.58
    LIFT computed using virtual temperature: -2.81
                                SWEAT index: 218.00
                                    K index: 34.50
                         Cross totals index: 20.70
                      Vertical totals index: 24.50
                        Totals totals index: 45.20
      Convective Available Potential Energy: 569.09
             CAPE using virtual temperature: 649.13
                      Convective Inhibition: -66.98
             CINS using virtual temperature: -51.21
                           Equilibrum Level: 198.35
 Equilibrum Level using virtual temperature: 195.76
                   Level of Free Convection: 793.47
             LFCT using virtual temperature: 809.57
                     Bulk Richardson Number: 151.97
          Bulk Richardson Number using CAPV: 173.35
  Temp [K] of the Lifted Condensation Level: 294.28
Pres [hPa] of the Lifted Condensation Level: 939.21
   Equivalent potential temp [K] of the LCL: 349.81
     Mean mixed layer potential temperature: 299.62
              Mean mixed layer mixing ratio: 17.14
              1000 hPa to 500 hPa thickness: 5778.00
Precipitable water [mm] for entire sounding: 59.65
