82332 SBMN Manaus (Aeroporto) Observations at 12Z 02 Mar 2026
-----------------------------------------------------------------------------
   PRES   HGHT   TEMP   DWPT   RELH   MIXR   DRCT   SKNT   THTA   THTE   THTV
    hPa     m      C      C      %    g/kg    deg   knot     K      K      K 
-----------------------------------------------------------------------------
 1001.0     84   26.6   21.6     74  16.52     60      6  299.7  348.2  302.6
 1000.0     93   26.4   21.4     74  16.33     50      9  299.6  347.5  302.5
  964.0    417   26.0   18.1     62  13.76     45     23  302.3  343.2  304.8
  950.0    546   25.8   16.8     58  12.83     45     21  303.4  341.7  305.7
  925.0    781   23.8   16.8     65  13.18     45     17  303.6  343.1  306.0
  907.0    952   22.5   16.3     68  13.03     45     16  304.0  343.0  306.4
  864.0   1373   19.3   15.1     77  12.65     20     10  304.9  342.9  307.2
  850.0   1515   18.2   14.7     80  12.52     20      7  305.2  342.9  307.5
  809.0   1938   15.2   14.6     96  13.08    131      3  306.4  345.9  308.8
  795.0   2085   14.3   13.9     97  12.68    170      1  306.9  345.4  309.3
  750.0   2578   11.4   11.4    100  11.42    175      2  308.9  343.9  311.1
  700.0   3153    8.4    7.3     93   9.25    180      4  311.8  340.5  313.5
  696.0   3200    8.2    6.8     91   8.98    180      4  312.0  340.1  313.7
  684.0   3345    9.4    4.9     73   8.00    182      4  314.9  340.3  316.5
  537.0   5315   -1.5   -9.5     54   3.48    199      3  324.5  336.3  325.1
  528.0   5449   -2.5   -9.0     61   3.68    200      3  324.8  337.4  325.6
  512.0   5693   -4.3   -8.1     75   4.08    197      9  325.5  339.4  326.3
  500.0   5880   -4.9   -9.7     69   3.68    195     14  327.0  339.6  327.7
  475.0   6281   -7.3  -14.3     57   2.68    210     20  328.9  338.3  329.4
  465.0   6445   -7.9  -21.4     33   1.50    200     15  330.1  335.6  330.4
  461.0   6512   -8.1  -24.2     26   1.17    195     11  330.6  335.0  330.9
  452.0   6665   -8.7  -30.8     15   0.65    130      1  331.8  334.3  331.9
  439.0   6891   -9.5  -40.5      6   0.26     20     11  333.6  334.6  333.6
  400.0   7600  -14.5  -40.5      9   0.28     25     25  336.1  337.2  336.1
  376.0   8059  -18.4  -40.8     12   0.29     15     32  336.9  338.1  336.9
  354.0   8507  -22.2  -41.0     16   0.30     35     18  337.6  338.8  337.6
  343.0   8741  -24.2  -41.2     19   0.31     25     15  337.9  339.2  338.0
  332.0   8983  -26.3  -41.3     23   0.31     37     13  338.3  339.5  338.3
  329.0   9048  -26.8  -40.4     26   0.34     40     13  338.4  339.8  338.5
  315.0   9362  -29.3  -36.3     51   0.55     66     14  339.2  341.4  339.3
  302.0   9663  -30.7  -35.6     62   0.61     91     16  341.3  343.8  341.5
  300.0   9710  -30.9  -35.9     61   0.60     95     16  341.7  344.1  341.8
  299.0   9733  -31.1  -36.3     60   0.58    105     18  341.8  344.1  341.9
  257.0  10788  -38.2  -55.3     15   0.08    135     29  346.4  346.8  346.4
  251.0  10953  -39.3  -58.3     12   0.06    131     32  347.1  347.4  347.1
  250.0  10980  -39.7  -58.7     11   0.06    130     33  346.9  347.2  346.9
  209.0  12173  -51.1  -62.5     24   0.04    125     39  347.3  347.5  347.3
  207.0  12237  -51.7  -62.7     26   0.04    123     39  347.3  347.5  347.3
  200.0  12460  -52.9  -64.9     22   0.03    115     41  348.8  349.0  348.8
  186.0  12916  -56.0  -69.5     17   0.02    110     49  351.0  351.1  351.1
  158.0  13941  -63.1  -79.9      9   0.00     65     18  355.8  355.8  355.8
  156.0  14021  -63.7  -80.7      8   0.00     69     15  356.1  356.2  356.1
  153.0  14139  -64.7  -81.2      9   0.00     75     11  356.4  356.4  356.4
  150.0  14260  -65.7  -81.7      9   0.00     95      6  356.7  356.7  356.7
  144.0  14501  -67.8  -82.3     11   0.00    135      2  357.2  357.2  357.2
  121.0  15528  -76.9  -84.9     27   0.00     13      3  358.8  358.8  358.8
  117.0  15721  -76.3  -86.3     19   0.00    349      3  363.4  363.4  363.4
  113.0  15918  -77.7  -87.0     21   0.00    325      3  364.4  364.5  364.4
  100.0  16610  -82.5  -89.5     30   0.00    355     19  368.1  368.1  368.1
   97.0  16779  -83.6  -90.1     32   0.00      0     18  369.2  369.2  369.2
   93.4  16989  -84.9  -90.9     34   0.00    340     10  370.6  370.6  370.6
   93.0  17012  -84.8  -90.9     34   0.00    340     10  371.4  371.4  371.4
   90.0  17195  -83.7  -90.7     29   0.00    285      1  377.0  377.0  377.0
   86.0  17448  -82.2  -90.5     24   0.00     35     10  384.9  384.9  384.9
   83.7  17598  -81.3  -90.3     21   0.00     74     10  389.7  389.7  389.7
   80.0  17852  -81.7  -90.7     21   0.00    140     11  394.0  394.0  394.0
   78.0  17994  -81.9  -90.9     21   0.00    150     16  396.4  396.4  396.4
   76.0  18139  -82.1  -91.1     21   0.00    130     17  398.9  398.9  398.9
   75.0  18214  -80.3  -90.2     18   0.00    120     17  404.2  404.2  404.2
   73.0  18368  -76.6  -88.3     14   0.00    120     13  415.1  415.1  415.1
   72.6  18399  -75.9  -87.9     14   0.00    117     12  417.3  417.3  417.3
   70.0  18610  -75.3  -88.3     12   0.00     95      4  423.0  423.0  423.0
   68.7  18719  -74.9  -87.9     12   0.00     95      5  426.1  426.1  426.1
   67.6  18812  -75.1  -88.1     12   0.00     95      6  427.6  427.6  427.6
   61.0  19408  -75.1  -89.0     10   0.00     95     10  440.4  440.4  440.4
   59.9  19513  -75.1  -89.1     10   0.00     88     11  442.7  442.7  442.7
   58.0  19703  -73.5  -88.8      8   0.00     75     14  450.3  450.3  450.3
   55.0  20016  -71.0  -88.3      6   0.00    115     15  463.1  463.1  463.1
   52.7  20267  -68.9  -87.9      5   0.00     75     14  473.5  473.6  473.5
   51.0  20462  -70.0  -88.4      5   0.00     45     14  475.4  475.4  475.4
   50.0  20580  -70.7  -88.7      6   0.00     45     14  476.5  476.5  476.5
   48.0  20820  -71.6  -89.3      6   0.00     45     12  479.9  479.9  479.9
   47.0  20944  -72.1  -89.6      6   0.00     90     11  481.6  481.6  481.6
   46.0  21070  -72.6  -90.0      6   0.00    110     14  483.4  483.4  483.4
   45.0  21200  -73.1  -90.3      6   0.00    125     20  485.2  485.3  485.2
   43.8  21359  -73.7  -90.7      6   0.00    117     24  487.5  487.5  487.5
   39.0  22043  -70.3  -90.0      4   0.00     80     40  512.6  512.6  512.6
   38.5  22119  -69.9  -89.9      4   0.00                515.5  515.5  515.5

                         Station identifier: SBMN
                             Station number: 82332
                           Observation time: 260302/1200
                           Station latitude: -3.15
                          Station longitude: -59.98
                          Station elevation: 84.0
                            Showalter index: 0.82
                               Lifted index: 0.32
    LIFT computed using virtual temperature: 0.07
                                SWEAT index: 204.39
                                    K index: 36.70
                         Cross totals index: 19.60
                      Vertical totals index: 23.10
                        Totals totals index: 42.70
      Convective Available Potential Energy: 16.20
             CAPE using virtual temperature: 26.94
                      Convective Inhibition: -103.75
             CINS using virtual temperature: -95.28
                           Equilibrum Level: 309.45
 Equilibrum Level using virtual temperature: 308.67
                   Level of Free Convection: 754.22
             LFCT using virtual temperature: 754.44
                     Bulk Richardson Number: 0.55
          Bulk Richardson Number using CAPV: 0.91
  Temp [K] of the Lifted Condensation Level: 290.48
Pres [hPa] of the Lifted Condensation Level: 877.44
   Equivalent potential temp [K] of the LCL: 344.11
     Mean mixed layer potential temperature: 301.55
              Mean mixed layer mixing ratio: 14.46
              1000 hPa to 500 hPa thickness: 5787.00
Precipitable water [mm] for entire sounding: 52.07
