82332 SBMN Manaus (Aeroporto) Observations at 00Z 02 Jan 2026
-----------------------------------------------------------------------------
   PRES   HGHT   TEMP   DWPT   RELH   MIXR   DRCT   SKNT   THTA   THTE   THTV
    hPa     m      C      C      %    g/kg    deg   knot     K      K      K 
-----------------------------------------------------------------------------
 1000.0     84   27.6   21.6     70  16.54     30      4  300.8  349.5  303.7
  982.0    247   28.2   21.2     66  16.43     31      5  302.9  351.8  305.9
  925.0    779   24.4   19.4     74  15.58     35      9  304.2  350.9  307.1
  913.0    893   23.7   18.8     74  15.15     35     10  304.7  350.1  307.4
  873.0   1285   21.2   16.5     74  13.74     85     17  306.1  347.5  308.6
  850.0   1519   19.8   15.2     75  12.94     75     20  306.9  346.1  309.3
  816.0   1864   17.7   13.8     78  12.26     75     23  308.2  345.6  310.5
  727.0   2842   11.6    9.6     88  10.46     60     16  311.9  344.4  313.9
  700.0   3162    9.6    8.3     92   9.91     70     17  313.1  344.0  314.9
  656.0   3699    6.0    5.5     97   8.71     77     14  314.9  342.4  316.5
  645.0   3838    7.0    0.0     61   5.97     78     13  317.5  336.9  318.7
  635.0   3966    6.2    0.2     65   6.15     80     12  318.1  338.0  319.2
  624.0   4110    6.0   -7.0     39   3.64     91     13  319.4  331.6  320.1
  583.0   4662    2.5   -4.1     62   4.86    135     19  321.6  337.7  322.5
  573.0   4803    1.6   -3.4     69   5.22    135     19  322.1  339.4  323.1
  563.0   4944    1.0   -7.7     52   3.83    135     18  323.0  335.9  323.8
  554.0   5074    0.4  -11.6     40   2.86    129     15  323.8  333.6  324.4
  535.0   5353   -1.3   -6.3     69   4.49    116      9  325.0  340.2  325.9
  519.0   5594   -2.5   -8.4     64   3.94    105      4  326.5  339.9  327.2
  500.0   5890   -3.9  -10.9     58   3.35     40      7  328.2  339.8  328.9
  497.0   5938   -4.1  -12.1     54   3.06     42      7  328.5  339.2  329.1
  481.0   6193   -6.0  -12.5     60   3.06     50     10  329.3  340.0  329.9
  436.0   6959  -11.7  -13.7     85   3.06     87      3  331.4  342.2  332.1
  432.0   7030  -11.6  -15.9     70   2.57     90      2  332.4  341.5  332.9
  424.0   7174  -11.5  -20.5     47   1.78     73      6  334.3  340.9  334.7
  413.0   7375  -12.7  -22.7     43   1.51     50     11  335.3  340.9  335.6
  402.0   7582  -13.9  -24.9     39   1.27     63     14  336.4  341.1  336.6
  400.0   7620  -14.1  -25.1     39   1.25     65     15  336.6  341.3  336.8
  391.0   7792  -15.3  -26.3     38   1.15     76     15  337.2  341.6  337.4
  363.0   8347  -20.7  -21.2     96   1.95    110     13  337.2  344.4  337.6
  349.0   8637  -22.1  -24.7     79   1.49    110     14  339.1  344.7  339.4
  346.0   8700  -22.5  -31.5     44   0.80    110     14  339.4  342.6  339.6
  336.0   8915  -24.5  -31.5     52   0.82    110     15  339.6  342.8  339.7
  329.0   9068  -25.5  -27.1     86   1.27    110     15  340.2  345.1  340.5
  325.0   9156  -26.3  -30.1     70   0.97    110     16  340.3  344.1  340.5
  319.0   9290  -27.1  -30.1     76   0.99    110     16  341.0  344.8  341.2
  312.0   9450  -28.1  -30.1     83   1.01    117     16  341.8  345.7  342.0
  300.0   9730  -30.3  -32.9     78   0.80    130     17  342.6  345.7  342.7
  287.0  10039  -32.7  -35.7     75   0.64    135     22  343.4  346.0  343.6
  264.0  10620  -37.3  -40.9     69   0.41    165     18  345.0  346.7  345.1
  250.0  11000  -40.3  -44.3     65   0.30    150     15  346.0  347.3  346.1
  240.0  11273  -42.4  -47.2     59   0.23    130     14  346.9  347.9  347.0
  232.0  11500  -44.1  -49.7     54   0.18    135     13  347.7  348.5  347.8
  224.0  11736  -45.9  -52.2     49   0.14    180     13  348.5  349.1  348.5
  217.0  11948  -47.5  -54.5     44   0.11    165     10  349.1  349.6  349.2
  200.0  12480  -52.5  -57.5     55   0.08     90      3  349.5  349.8  349.5
  195.0  12643  -53.9  -59.9     48   0.06    179      3  349.8  350.1  349.8
  192.0  12742  -54.5  -62.5     37   0.04    233      2  350.4  350.6  350.4
  190.0  12809  -55.1  -61.3     46   0.05    270      2  350.5  350.8  350.5
  187.0  12910  -55.9  -59.5     64   0.07    270      2  350.8  351.1  350.8
  165.0  13694  -62.1  -68.1     44   0.02    270      4  353.1  353.3  353.2
  161.0  13845  -61.3  -71.3     25   0.02    270      4  357.0  357.1  357.0
  153.0  14159  -63.9  -78.9     11   0.01    340     12  357.8  357.8  357.8
  150.0  14280  -64.7  -78.7     13   0.01    340     17  358.4  358.5  358.4
  128.0  15217  -73.2  -80.5     33   0.00    355     30  359.7  359.7  359.7
  117.0  15748  -78.1  -81.5     58   0.00      6     16  360.1  360.1  360.1
  113.0  15943  -79.5  -83.2     54   0.00     10     10  361.1  361.1  361.1
  108.0  16198  -81.3  -85.4     50   0.00     60      2  362.4  362.4  362.4
  101.0  16575  -83.9  -88.7     43   0.00    115     11  364.4  364.4  364.4
  100.0  16630  -83.9  -88.6     44   0.00    115     11  365.4  365.4  365.4
   97.1  16793  -84.7  -89.3     45   0.00     90     23  366.9  366.9  366.9
   96.0  16856  -84.2  -88.9     44   0.00     85     26  369.1  369.1  369.1
   92.6  17056  -82.7  -87.7     42   0.00     92     24  375.9  375.9  375.9
   91.0  17153  -83.1  -88.0     43   0.00     95     23  376.9  376.9  376.9
   87.0  17401  -84.2  -88.9     44   0.00     80     24  379.7  379.7  379.7
   82.0  17729  -85.6  -90.1     45   0.00    100     32  383.3  383.3  383.3
   80.2  17851  -86.1  -90.5     46   0.00     97     29  384.6  384.6  384.6
   72.0  18451  -80.7  -87.6     31   0.00     85     16  408.1  408.1  408.1
   71.7  18475  -80.5  -87.5     31   0.00     84     16  409.0  409.1  409.0
   70.0  18610  -80.5  -88.5     26   0.00     75     13  411.9  411.9  411.9
   69.3  18667  -80.9  -88.9     25   0.00     72     13  412.2  412.2  412.2
   66.0  18942  -80.8  -89.3     23   0.00     55     13  418.1  418.1  418.1
   64.0  19115  -80.8  -89.6     22   0.00    270      2  421.8  421.8  421.8
   61.0  19386  -80.8  -90.0     20   0.00    215     11  427.8  427.8  427.8
   56.3  19838  -80.7  -90.7     18   0.00    135     19  437.8  437.9  437.8
   56.0  19868  -80.4  -90.6     17   0.00    130     20  439.3  439.3  439.3
   52.0  20294  -75.6  -89.7      9   0.00    105     29  459.8  459.8  459.8
   50.2  20497  -73.3  -89.3      7   0.00    109     35  469.8  469.8  469.8
   50.0  20520  -73.3  -89.3      7   0.00    110     36  470.4  470.4  470.4
   46.0  21009  -72.7  -89.9      6   0.00    115     39  483.2  483.2  483.2
   43.6  21323  -72.3  -90.3      5   0.00    100     45  491.6  491.6  491.6
   42.0  21549  -70.8  -90.1      4   0.00     90     50  500.6  500.6  500.6
   34.1  22806  -62.4  -89.0      2   0.00     85     67  553.4  553.4  553.4
   34.0  22823  -62.3  -89.0      2   0.00     85     67  554.2  554.2  554.2
   33.7  22877  -61.9  -88.9      2   0.00                556.5  556.5  556.5

                         Station identifier: SBMN
                             Station number: 82332
                           Observation time: 260102/0000
                           Station latitude: -3.15
                          Station longitude: -59.98
                          Station elevation: 84.0
                            Showalter index: 0.59
                               Lifted index: -1.27
    LIFT computed using virtual temperature: -1.76
                                SWEAT index: 229.41
                                    K index: 37.60
                         Cross totals index: 19.10
                      Vertical totals index: 23.70
                        Totals totals index: 42.80
      Convective Available Potential Energy: 652.15
             CAPE using virtual temperature: 760.80
                      Convective Inhibition: -91.84
             CINS using virtual temperature: -71.71
                           Equilibrum Level: 188.27
 Equilibrum Level using virtual temperature: 188.05
                   Level of Free Convection: 756.27
             LFCT using virtual temperature: 773.83
                     Bulk Richardson Number: 54.19
          Bulk Richardson Number using CAPV: 63.22
  Temp [K] of the Lifted Condensation Level: 292.52
Pres [hPa] of the Lifted Condensation Level: 885.83
   Equivalent potential temp [K] of the LCL: 351.15
     Mean mixed layer potential temperature: 302.84
              Mean mixed layer mixing ratio: 16.27
              1000 hPa to 500 hPa thickness: 5806.00
Precipitable water [mm] for entire sounding: 56.36
