82332 SBMN Manaus (Aeroporto) Observations at 12Z 14 Jan 2026
-----------------------------------------------------------------------------
   PRES   HGHT   TEMP   DWPT   RELH   MIXR   DRCT   SKNT   THTA   THTE   THTV
    hPa     m      C      C      %    g/kg    deg   knot     K      K      K 
-----------------------------------------------------------------------------
 1003.0     84   25.2   23.3     89  18.34    240      2  298.1  351.6  301.4
 1000.0    110   24.8   23.2     91  18.28    230      1  297.9  351.2  301.2
  984.0    252   23.4   23.1     98  18.47    197      2  297.9  351.7  301.2
  964.0    433   25.0   20.6     77  16.12    155      4  301.3  348.9  304.2
  925.0    795   22.6   19.7     84  15.88     70      7  302.4  349.6  305.3
  896.0   1071   20.8   17.9     83  14.58     75     10  303.3  346.8  306.0
  850.0   1527   17.8   14.8     83  12.61     65     16  304.8  342.7  307.1
  836.0   1668   16.9   14.2     84  12.32     55     14  305.3  342.4  307.5
  743.0   2667   10.4    9.9     97  10.41     94     27  308.7  340.6  310.6
  720.0   2929    9.8    8.1     89   9.47    105     30  310.8  340.1  312.5
  700.0   3164    9.2    6.4     83   8.69    100     27  312.6  339.8  314.3
  691.0   3271    8.4    6.0     85   8.56     96     25  312.9  339.7  314.5
  679.0   3416    8.8   -0.2     53   5.59     90     23  314.9  332.9  316.0
  657.0   3688    7.7   -8.6     30   3.04     80     19  316.6  326.8  317.2
  652.0   3751    7.4  -10.6     27   2.63     81     18  317.0  325.9  317.5
  630.0   4032    5.6   -8.4     36   3.24     87     12  318.1  328.9  318.7
  608.0   4322    3.2   -0.3     78   6.20     94      5  318.6  338.7  319.8
  603.0   4388    2.8   -0.5     79   6.16     95      4  318.8  338.8  320.0
  554.0   5070   -1.7   -2.5     94   5.78     90      4  321.4  340.4  322.5
  525.0   5496   -4.3   -5.5     91   4.86     88      3  323.2  339.4  324.1
  507.0   5771   -4.9   -9.9     68   3.58     86      3  325.7  337.9  326.4
  500.0   5880   -5.7   -9.6     74   3.71     85      3  326.0  338.7  326.8
  485.0   6118   -7.3   -9.1     87   3.98     75      3  326.9  340.5  327.7
  442.0   6837  -10.8  -16.1     65   2.47     45      2  331.3  340.1  331.8
  434.0   6978  -11.5  -17.5     61   2.24     56      4  332.1  340.2  332.6
  422.0   7193  -12.5  -17.3     67   2.35     73      8  333.5  341.9  334.0
  410.0   7412  -13.5  -23.7     42   1.38     90     12  334.9  340.1  335.2
  406.0   7487  -13.9  -25.9     36   1.15     94     12  335.4  339.7  335.6
  400.0   7600  -15.1  -25.1     42   1.25    100     12  335.3  340.0  335.5
  377.0   8046  -17.9  -24.9     54   1.35    127     13  337.3  342.4  337.6
  359.0   8408  -20.2  -34.7     26   0.56    150     13  339.0  341.3  339.1
  331.0   9010  -23.9  -50.9      6   0.11    150     22  341.8  342.3  341.9
  322.0   9210  -25.7  -40.7     23   0.34    148     20  342.1  343.5  342.1
  312.0   9439  -27.5  -48.5     12   0.15    145     17  342.6  343.3  342.7
  300.0   9720  -29.7  -39.7     37   0.41    160     17  343.4  345.1  343.5
  293.0   9887  -31.2  -39.2     45   0.44    160     11  343.6  345.4  343.7
  280.0  10207  -34.1  -38.2     66   0.51    204      9  343.9  346.0  344.0
  271.0  10435  -35.7  -39.8     66   0.45    235      7  344.8  346.6  344.9
  268.0  10512  -36.3  -40.3     66   0.43    241      9  345.0  346.8  345.1
  266.0  10564  -36.7  -41.2     63   0.39    245     10  345.1  346.8  345.2
  250.0  10990  -40.3  -48.3     42   0.19    245     20  346.0  346.8  346.1
  246.0  11099  -41.2  -53.5     25   0.11    245     23  346.2  346.7  346.3
  241.0  11239  -42.4  -60.1     13   0.05    255     25  346.5  346.8  346.5
  238.0  11324  -43.1  -64.1      8   0.03    258     23  346.7  346.8  346.7
  232.0  11492  -44.6  -63.4     10   0.03    265     19  346.9  347.1  346.9
  211.0  12117  -50.3  -60.9     27   0.05    250     19  347.6  347.8  347.6
  200.0  12470  -53.5  -59.5     48   0.06    255      8  347.9  348.2  347.9
  197.0  12567  -54.3  -59.3     54   0.07    255      7  348.1  348.4  348.1
  193.0  12696  -55.5  -60.8     52   0.06    255      6  348.3  348.5  348.3
  182.0  13067  -58.9  -64.9     46   0.03    268      9  348.6  348.8  348.6
  177.0  13241  -59.9  -71.9     19   0.01    274     11  349.8  349.8  349.8
  172.0  13416  -61.5  -72.4     22   0.01    280     12  350.1  350.1  350.1
  150.0  14250  -68.9  -74.9     42   0.01    265     19  351.2  351.3  351.2
  147.0  14371  -70.1  -76.1     41   0.01    280     19  351.2  351.2  351.2
  143.0  14534  -70.8  -76.3     44   0.01    305     26  352.7  352.8  352.7
  136.0  14831  -72.1  -76.6     51   0.01    307     33  355.5  355.6  355.5
  129.0  15139  -74.1  -79.9     41   0.01    310     40  357.3  357.4  357.3
  118.0  15657  -77.5  -85.5     27   0.00    315     35  360.3  360.3  360.3
  111.0  16002  -80.0  -86.8     32   0.00    280     23  361.9  361.9  361.9
  104.0  16369  -82.7  -88.2     39   0.00    270     19  363.6  363.6  363.6
  100.0  16590  -84.3  -89.0     44   0.00    235     21  364.6  364.6  364.6
   99.1  16640  -84.7  -89.4     44   0.00    235     21  364.8  364.8  364.8
   94.0  16931  -84.9  -89.7     43   0.00    180     11  370.0  370.0  370.0
   91.0  17110  -85.0  -89.8     43   0.00    100      8  373.2  373.2  373.2
   86.0  17421  -85.2  -90.1     42   0.00     40     10  378.9  378.9  378.9
   82.2  17670  -85.3  -90.3     41   0.00     67     14  383.6  383.6  383.6
   77.0  18035  -82.7  -90.1     28   0.00    105     20  396.1  396.1  396.1
   73.0  18333  -80.7  -90.0     20   0.00    110     22  406.6  406.6  406.6
   72.0  18410  -80.1  -89.9     19   0.00     95     24  409.4  409.4  409.4
   71.6  18441  -79.9  -89.9     18   0.00     91     21  410.5  410.5  410.5
   70.0  18570  -77.1  -89.1     13   0.00     75     11  419.1  419.1  419.1
   69.0  18653  -75.6  -88.3     12   0.00     75     11  424.0  424.0  424.0
   68.5  18695  -74.9  -87.9     12   0.00     38      8  426.4  426.5  426.5
   68.0  18738  -74.8  -88.0     12   0.00      0      5  427.6  427.6  427.6
   65.0  19001  -74.1  -88.2     10   0.00    240     10  434.6  434.6  434.6
   64.0  19091  -73.9  -88.3      9   0.00    235     11  437.0  437.0  437.0
   62.0  19276  -73.5  -88.5      9   0.00    165      4  442.0  442.0  442.0
   61.0  19371  -73.2  -88.6      8   0.00     95     11  444.6  444.6  444.6
   60.0  19468  -73.0  -88.7      8   0.00     85     19  447.2  447.2  447.2
   57.0  19767  -72.2  -89.0      6   0.00    100     19  455.5  455.5  455.5
   56.5  19818  -72.1  -89.1      6   0.00     99     20  456.9  457.0  456.9
   50.0  20540  -70.1  -89.1      5   0.00     80     28  477.9  477.9  477.9
   49.0  20660  -70.0  -89.2      5   0.00     95     28  480.9  480.9  480.9
   41.8  21605  -69.3  -90.3      3   0.00     82     59  505.0  505.0  505.0
   41.0  21721  -68.2  -90.0      3   0.00     80     63  510.5  510.5  510.5
   39.8  21899  -66.5  -89.5      3   0.00     83     63  519.1  519.1  519.1
   34.0  22848  -67.4  -90.4      3   0.00    100     65  540.7  540.8  540.7
   33.2  22991  -67.5  -90.5      3   0.00     97     67  544.1  544.1  544.1
   31.2  23370  -63.3  -89.4      2   0.00     90     74  565.0  565.1  565.0
   31.0  23410  -62.9  -89.3      2   0.00     90     74  567.2  567.3  567.2
   30.0  23610  -60.7  -88.7      1   0.01     90     69  578.6  578.6  578.6
   28.0  24043  -56.9  -87.8      1   0.01     85     69  600.7  600.7  600.7
   27.9  24066  -56.7  -87.7      1   0.01                601.8  601.9  601.8

                         Station identifier: SBMN
                             Station number: 82332
                           Observation time: 260114/1200
                           Station latitude: -3.15
                          Station longitude: -59.98
                          Station elevation: 84.0
                            Showalter index: 0.12
                               Lifted index: -2.72
    LIFT computed using virtual temperature: -3.13
                                SWEAT index: 212.60
                                    K index: 35.50
                         Cross totals index: 20.50
                      Vertical totals index: 23.50
                        Totals totals index: 44.00
      Convective Available Potential Energy: 726.82
             CAPE using virtual temperature: 858.63
                      Convective Inhibition: -39.76
             CINS using virtual temperature: -31.08
                           Equilibrum Level: 174.00
 Equilibrum Level using virtual temperature: 173.78
                   Level of Free Convection: 844.37
             LFCT using virtual temperature: 861.64
                     Bulk Richardson Number: 41.70
          Bulk Richardson Number using CAPV: 49.26
  Temp [K] of the Lifted Condensation Level: 294.44
Pres [hPa] of the Lifted Condensation Level: 941.10
   Equivalent potential temp [K] of the LCL: 350.21
     Mean mixed layer potential temperature: 299.61
              Mean mixed layer mixing ratio: 17.30
              1000 hPa to 500 hPa thickness: 5770.00
Precipitable water [mm] for entire sounding: 55.20
