82332 SBMN Manaus (Aeroporto) Observations at 12Z 20 Feb 2026
-----------------------------------------------------------------------------
   PRES   HGHT   TEMP   DWPT   RELH   MIXR   DRCT   SKNT   THTA   THTE   THTV
    hPa     m      C      C      %    g/kg    deg   knot     K      K      K 
-----------------------------------------------------------------------------
 1003.0     84   26.2   24.1     88  19.27    120      1  299.1  355.6  302.5
 1000.0    109   25.6   24.1     91  19.33    120      6  298.8  355.3  302.2
  986.0    233   23.8   23.6     99  19.01    104      9  298.1  353.6  301.5
  977.9    305   23.6   23.0     96  18.45     95     10  298.7  352.6  301.9
  960.0    467   23.2   21.6     91  17.25     90     12  299.8  350.5  302.9
  952.0    540   23.2   20.2     83  15.92     87     12  300.5  347.4  303.4
  944.4    610   23.1   19.8     82  15.63     85     13  301.1  347.3  303.9
  925.0    791   22.8   18.7     78  14.90     70     15  302.6  346.9  305.3
  924.0    800   22.8   18.8     78  15.01     69     15  302.7  347.4  305.4
  912.0    914   22.0   18.4     80  14.78     55     16  303.0  347.1  305.7
  850.2   1524   17.8   15.9     89  13.55     35     13  304.8  345.5  307.2
  850.0   1526   17.8   15.9     89  13.55     40     14  304.8  345.4  307.3
  791.0   2134   13.7   12.8     94  11.87     50     12  306.8  342.8  308.9
  763.1   2438   11.7   11.2     97  11.09     70     11  307.7  341.5  309.8
  736.1   2743    9.7    9.7    100  10.34     90     11  308.7  340.4  310.6
  735.0   2755    9.6    9.6    100  10.31     89     11  308.8  340.4  310.7
  709.6   3048    9.0    7.2     88   9.03     70     12  311.2  339.3  312.9
  700.0   3161    8.8    6.2     84   8.57     75     12  312.2  339.0  313.8
  683.9   3353    8.2    5.0     80   8.03     90     12  313.6  338.9  315.2
  661.0   3635    7.4    3.1     74   7.29     74     12  315.8  339.0  317.2
  635.0   3962    5.1    1.9     79   6.93     55     11  316.8  339.1  318.1
  611.7   4267    3.0    0.7     85   6.61     50      9  317.8  339.1  319.0
  593.0   4521    1.2   -0.3     90   6.35     44      9  318.5  339.1  319.8
  583.0   4658    1.2   -1.2     84   6.05     40     10  320.1  339.8  321.2
  567.2   4877    0.1   -3.1     79   5.40     35     10  321.2  339.0  322.3
  531.0   5405   -2.7   -7.7     68   4.06     61      6  324.1  337.8  324.9
  525.6   5486   -3.2   -7.7     71   4.09     65      5  324.4  338.2  325.2
  500.0   5880   -5.9   -7.8     86   4.28     60      9  325.8  340.3  326.6
  486.4   6096   -6.5  -15.7     48   2.33     60      6  327.6  335.8  328.0
  483.0   6151   -6.7  -17.7     41   1.98     62      6  328.0  335.1  328.4
  479.0   6216   -7.3  -10.0     81   3.76     64      7  328.1  341.0  328.8
  460.0   6531   -7.9  -15.9     53   2.42     74     10  331.1  339.8  331.6
  423.0   7176  -12.7  -20.7     51   1.75     95     16  333.0  339.4  333.4
  415.3   7315  -13.9  -20.1     59   1.87    100     17  333.3  340.1  333.6
  400.0   7600  -16.3  -18.9     80   2.16    110     13  333.7  341.5  334.1
  386.0   7867  -17.3  -22.3     65   1.67    118     12  335.8  342.0  336.2
  383.0   7925  -17.8  -22.6     66   1.64    120     12  335.9  342.0  336.3
  367.5   8230  -20.3  -24.1     71   1.49     90      7  336.6  342.2  336.9
  338.3   8839  -25.3  -27.2     83   1.22     75     10  337.9  342.5  338.1
  337.0   8868  -25.5  -27.4     84   1.20     73     10  337.9  342.5  338.2
  324.2   9144  -27.6  -29.9     81   0.99     55     11  338.7  342.5  338.9
  300.0   9700  -31.9  -35.0     74   0.65     75      7  340.3  342.9  340.4
  297.7   9754  -32.4  -35.3     75   0.64     65      6  340.4  342.9  340.5
  291.0   9915  -33.7  -36.3     77   0.59     63      7  340.7  343.1  340.8
  282.0  10136  -34.7  -41.7     49   0.35     61      9  342.4  343.8  342.4
  261.2  10668  -38.4  -50.3     27   0.15     55     13  344.5  345.2  344.6
  253.0  10888  -39.9  -53.9     21   0.10     88     18  345.4  345.9  345.4
  250.0  10970  -40.5  -54.5     21   0.09    100     20  345.7  346.1  345.7
  247.0  11052  -40.9  -54.9     21   0.09    101     20  346.3  346.7  346.3
  238.8  11278  -42.9  -57.5     19   0.07    105     21  346.6  347.0  346.7
  228.2  11582  -45.6  -61.0     16   0.05    110     24  347.1  347.3  347.1
  221.0  11798  -47.5  -63.5     14   0.03    108     24  347.3  347.5  347.3
  208.1  12192  -50.6  -63.6     20   0.04    105     23  348.5  348.6  348.5
  200.0  12450  -52.7  -63.7     25   0.04     70     11  349.1  349.3  349.2
  198.5  12497  -53.1  -63.8     26   0.04     80     11  349.2  349.4  349.2
  180.2  13106  -58.5  -65.3     41   0.03     45     11  350.3  350.4  350.3
  171.7  13411  -61.1  -66.1     52   0.03    320     11  350.7  350.9  350.7
  167.0  13588  -62.7  -66.5     60   0.03    313     13  350.9  351.1  350.9
  154.0  14082  -67.3  -72.3     49   0.01    292     17  351.3  351.4  351.3
  150.0  14240  -68.1  -73.1     49   0.01    285     19  352.6  352.6  352.6
  140.4  14630  -70.4  -75.9     44   0.01    270     22  355.2  355.2  355.2
  131.0  15042  -72.9  -78.9     40   0.01    270     26  357.9  357.9  357.9
  126.5  15240  -74.3  -79.9     41   0.01    270     28  359.0  359.1  359.0
  119.9  15545  -76.4  -81.5     44   0.00    270     19  360.7  360.7  360.7
  113.7  15850  -78.5  -83.1     47   0.00    200     10  362.4  362.4  362.4
  101.0  16525  -83.1  -86.6     55   0.00    269      4  365.9  365.9  365.9
  100.0  16580  -83.3  -86.7     56   0.00    275      4  366.5  366.6  366.5
   96.7  16764  -84.2  -87.6     55   0.00    275      4  368.2  368.2  368.2
   94.5  16893  -84.9  -88.3     55   0.00     40      9  369.4  369.4  369.4
   92.0  17041  -83.9  -87.9     50   0.00     80     14  374.2  374.2  374.2
   89.0  17225  -82.7  -87.4     45   0.00    125     16  380.2  380.2  380.2
   88.1  17281  -82.3  -87.2     43   0.00    123     17  382.1  382.1  382.1
   81.0  17746  -84.3  -89.3     42   0.00    110     21  387.2  387.2  387.2
   77.8  17970  -85.3  -90.3     41   0.00    107     20  389.6  389.7  389.6
   76.2  18085  -80.7  -88.7     26   0.00    106     20  401.6  401.6  401.6
   75.0  18176  -79.6  -88.1     24   0.00    105     20  405.8  405.8  405.8
   72.0  18409  -76.7  -86.7     19   0.00     60      3  416.6  416.6  416.6
   70.0  18570  -74.7  -85.7     17   0.00      5     10  424.2  424.3  424.2
   69.5  18612  -74.7  -86.7     14   0.00     10     10  425.1  425.1  425.1
   68.0  18738  -75.2  -87.6     13   0.00     25     11  426.8  426.8  426.8
   66.2  18894  -75.7  -88.7     12   0.00    106     15  428.9  428.9  428.9
   66.0  18911  -75.4  -88.6     11   0.00    115     15  429.9  429.9  429.9
   63.6  19128  -71.9  -86.9      9   0.00    139     12  442.2  442.2  442.2
   63.0  19183  -72.2  -87.1      9   0.00    145     11  442.8  442.8  442.8
   60.0  19469  -73.7  -88.1     10   0.00    145     10  445.7  445.7  445.7
   57.6  19708  -74.9  -88.9     10   0.00    124     18  448.1  448.1  448.1
   55.0  19979  -73.2  -88.8      8   0.00    100     27  457.9  458.0  457.9
   50.0  20540  -69.7  -88.7      5   0.00     85     28  478.8  478.9  478.8
   47.3  20872  -67.9  -87.9      4   0.00     83     35  490.8  490.8  490.8
   43.9  21320  -67.9  -89.9      3   0.00     81     44  501.4  501.4  501.4
   43.0  21445  -64.6  -89.1      2   0.00     80     46  512.5  512.5  512.5
   42.5  21517  -62.7  -88.7      2   0.00     82     46  518.9  518.9  518.9
   40.0  21891  -61.5  -88.5      2   0.00     92     44  530.9  531.0  530.9
   38.0  22206  -62.9  -89.3      2   0.00    100     43  535.3  535.3  535.3
   36.3  22488  -64.1  -90.1      2   0.00     98     44  539.1  539.2  539.1
   30.0  23670  -58.1  -89.1      1   0.00     90     46  585.7  585.7  585.7
   27.2  24288  -57.5  -88.5      1   0.01     90     56  604.0  604.0  604.0
   27.0  24334  -57.6  -88.6      1   0.01     90     57  605.0  605.1  605.0
   25.0  24819  -58.4  -89.4      1   0.01     90     56  616.0  616.1  616.0
   24.4  24971  -58.7  -89.7      1   0.01     89     49  619.5  619.6  619.5
   22.9  25373  -54.9  -87.9      1   0.01     87     32  642.1  642.1  642.1
   22.2  25571  -55.3  -87.3      1   0.01     85     23  646.6  646.7  646.6
   22.0                                        85     21                     

                         Station identifier: SBMN
                             Station number: 82332
                           Observation time: 260220/1200
                           Station latitude: -3.15
                          Station longitude: -59.98
                          Station elevation: 84.0
                            Showalter index: -1.16
                               Lifted index: -3.49
    LIFT computed using virtual temperature: -3.85
                                SWEAT index: 227.80
                                    K index: 37.00
                         Cross totals index: 21.80
                      Vertical totals index: 23.70
                        Totals totals index: 45.50
      Convective Available Potential Energy: 1229.65
             CAPE using virtual temperature: 1353.11
                      Convective Inhibition: -29.46
             CINS using virtual temperature: -19.60
                           Equilibrum Level: 152.73
 Equilibrum Level using virtual temperature: 152.71
                   Level of Free Convection: 859.18
             LFCT using virtual temperature: 872.28
                     Bulk Richardson Number: 266.78
          Bulk Richardson Number using CAPV: 293.56
  Temp [K] of the Lifted Condensation Level: 295.36
Pres [hPa] of the Lifted Condensation Level: 956.34
   Equivalent potential temp [K] of the LCL: 351.85
     Mean mixed layer potential temperature: 299.17
              Mean mixed layer mixing ratio: 18.03
              1000 hPa to 500 hPa thickness: 5771.00
Precipitable water [mm] for entire sounding: 58.54
