82332 SBMN Manaus (Aeroporto) Observations at 12Z 03 Feb 2026
-----------------------------------------------------------------------------
   PRES   HGHT   TEMP   DWPT   RELH   MIXR   DRCT   SKNT   THTA   THTE   THTV
    hPa     m      C      C      %    g/kg    deg   knot     K      K      K 
-----------------------------------------------------------------------------
 1004.0     84   26.0   23.9     88  19.02      0      0  298.8  354.5  302.2
 1000.0    123   25.8   23.8     89  18.98      0      0  298.9  354.5  302.3
  968.0    410   23.8   23.7     99  19.50      2      8  299.7  357.0  303.2
  935.0    715   22.4   19.9     86  15.89      5     16  301.3  348.3  304.2
  925.0    809   22.0   18.7     82  14.90     10     16  301.8  345.9  304.5
  865.0   1390   18.7   15.9     84  13.33     70     17  304.2  344.1  306.6
  850.0   1541   17.8   15.2     85  12.94     80     20  304.8  343.7  307.1
  816.0   1890   16.0   11.7     76  10.69     82     22  306.4  338.9  308.4
  782.0   2252   13.8   11.1     84  10.72     84     24  307.8  340.6  309.8
  765.0   2437   12.9    9.1     78   9.58     85     25  308.8  338.3  310.6
  759.0   2504   12.6    8.4     76   9.19     86     24  309.2  337.5  310.9
  737.0   2751   12.2   -2.8     35   4.24     88     21  311.4  325.0  312.1
  715.0   3004   10.4    3.4     62   6.88     90     17  312.1  333.8  313.4
  700.0   3181   10.4   -1.6     43   4.89     85     14  314.0  329.7  314.9
  695.0   3241   10.2   -3.8     37   4.17     84     14  314.4  328.0  315.2
  680.0   3422    9.4   -2.6     43   4.67     80     14  315.5  330.6  316.4
  666.0   3594    7.8    4.3     79   7.88     61     11  315.6  340.6  317.1
  651.0   3780    6.5    1.3     69   6.49     40      8  316.2  337.0  317.4
  631.0   4035    4.8   -2.9     57   4.94     30     12  317.1  333.2  318.0
  621.0   4166    4.0   -5.0     52   4.28     30     13  317.5  331.6  318.3
  597.0   4488    1.8  -10.2     41   2.96     58     12  318.6  328.6  319.2
  593.0   4542    1.6  -12.4     35   2.50     63     12  319.0  327.5  319.5
  569.0   4874   -0.1   -7.1     59   3.97     92     11  320.8  334.0  321.6
  559.0   5016   -0.8  -11.1     46   2.95    105     10  321.6  331.7  322.2
  554.0   5088   -1.1  -13.1     40   2.53    108     10  322.1  330.8  322.6
  541.0   5277   -2.5   -6.6     73   4.34    115     11  322.6  337.1  323.4
  528.0   5470   -3.1  -12.1     50   2.88    106     11  324.1  334.0  324.7
  519.0   5606   -3.8  -10.2     61   3.41    100     11  324.9  336.5  325.5
  508.0   5775   -4.7   -7.8     79   4.21    120     10  325.8  340.0  326.6
  500.0   5900   -4.9   -8.5     76   4.05    135     10  327.0  340.8  327.8
  489.0   6074   -5.7  -10.1     71   3.65    153     11  328.1  340.7  328.8
  485.0   6138   -6.2  -10.4     72   3.59    160     12  328.3  340.6  329.0
  443.0   6839  -11.7  -14.0     83   2.94    175     15  329.9  340.2  330.5
  432.0   7029  -13.3  -15.1     87   2.76    155     15  330.2  340.0  330.8
  405.0   7517  -17.5  -17.8     98   2.34    155     18  331.0  339.3  331.4
  401.0   7591  -15.9  -23.9     50   1.39    155     19  334.0  339.2  334.3
  400.0   7610  -16.1  -24.1     50   1.37    155     19  334.0  339.1  334.2
  380.0   7994  -17.8  -32.4     27   0.67    145     21  336.6  339.2  336.8
  364.0   8315  -19.3  -39.3     15   0.35     89     10  338.8  340.2  338.9
  356.0   8481  -18.9  -50.8      4   0.10     60      5  341.5  342.0  341.5
  352.0   8565  -18.7  -56.7      2   0.05     58      5  342.9  343.1  342.9
  307.0   9562  -27.9  -52.2      8   0.10     30     10  343.6  344.1  343.6
  300.0   9730  -29.5  -51.5     10   0.11     30      9  343.7  344.2  343.7
  296.0   9825  -30.4  -51.5     11   0.11     35     11  343.8  344.2  343.8
  291.0   9947  -31.5  -51.5     12   0.11     55     11  343.8  344.4  343.9
  283.0  10141  -33.4  -50.6     16   0.13     45     10  343.9  344.5  344.0
  277.0  10290  -34.8  -49.9     20   0.14     70     11  344.0  344.6  344.0
  264.0  10624  -38.0  -48.4     33   0.18     65     10  344.1  344.8  344.1
  258.0  10784  -39.5  -47.7     42   0.20     90      9  344.1  344.9  344.1
  255.0  10865  -40.3  -47.3     47   0.21    102     10  344.1  345.0  344.1
  253.0  10919  -40.7  -46.3     55   0.24    110     10  344.2  345.2  344.3
  250.0  11000  -41.3  -44.8     69   0.28    110     11  344.5  345.7  344.6
  242.0  11216  -43.1  -46.8     67   0.24     95     12  345.1  346.1  345.1
  215.0  12000  -49.5  -54.0     59   0.12    125     24  346.9  347.4  346.9
  207.0  12252  -51.6  -56.3     57   0.09    145     20  347.4  347.8  347.4
  200.0  12480  -53.5  -58.4     55   0.07    135     27  347.9  348.2  347.9
  178.0  13217  -60.3  -63.7     64   0.04    125     31  348.5  348.7  348.5
  161.0  13834  -65.3  -70.3     50   0.02    116     35  350.2  350.3  350.2
  150.0  14260  -69.1  -73.4     54   0.01    110     37  350.9  350.9  350.9
  149.0  14300  -69.5  -73.9     53   0.01    109     38  350.9  350.9  350.9
  141.0  14616  -71.6  -76.1     51   0.01    105     45  352.8  352.8  352.8
  117.0  15684  -78.7  -83.5     46   0.00     60     29  358.9  359.0  358.9
  101.0  16525  -84.3  -89.3     42   0.00     70     26  363.6  363.6  363.6
  100.0  16580  -84.3  -89.3     42   0.00     70     26  364.6  364.6  364.6
   96.8  16760  -85.3  -90.3     41   0.00     60     35  366.1  366.1  366.1
   96.0  16806  -84.9  -90.1     40   0.00     65     37  367.8  367.8  367.8
   89.3  17209  -81.1  -88.1     30   0.00     77     45  383.0  383.0  383.0
   83.0  17621  -81.8  -90.6     22   0.00     90     54  389.6  389.6  389.6
   82.2  17675  -81.9  -90.9     21   0.00     88     50  390.5  390.5  390.5
   76.0  18126  -73.6  -88.5      9   0.00     70     20  416.6  416.6  416.6
   75.0  18203  -72.2  -88.1      8   0.00     55     11  421.1  421.1  421.1
   74.9  18210  -72.1  -88.1      8   0.00     49     11  421.6  421.6  421.6
   74.0  18282  -71.9  -88.5      7   0.00    355      8  423.4  423.4  423.4
   73.0  18362  -71.8  -88.9      6   0.00    320     12  425.4  425.4  425.4
   71.6  18476  -71.5  -89.5      5   0.00    297     12  428.3  428.3  428.3
   70.0  18610  -72.1  -90.1      5   0.00    270     13  429.8  429.8  429.8
   69.0  18694  -72.5  -90.2      6   0.00    260     15  430.7  430.7  430.7
   67.0  18866  -73.4  -90.3      6   0.00    250     20  432.4  432.5  432.4
   65.0  19043  -74.3  -90.5      7   0.00    230     16  434.3  434.3  434.3
   61.9  19328  -75.7  -90.7      8   0.00    190     12  437.2  437.2  437.2
   60.0  19510  -73.0  -89.9      6   0.00    165     10  447.2  447.2  447.2
   59.0  19609  -71.5  -89.5      5   0.00    146      9  452.7  452.7  452.7
   56.0  19915  -73.0  -89.8      6   0.00     85      5  456.1  456.1  456.1
   54.2  20107  -73.9  -89.9      7   0.00     94      9  458.3  458.3  458.3
   53.0  20239  -73.5  -89.8      7   0.00    100     11  462.1  462.1  462.1
   50.0  20580  -72.5  -89.5      6   0.00    110     21  472.2  472.3  472.2
   48.0  20819  -72.7  -90.0      6   0.00    120     26  477.2  477.2  477.2
   43.4  21410  -73.3  -91.3      5   0.00     93     31  489.8  489.8  489.8
   43.0  21465  -72.9  -91.3      5   0.00     90     31  492.1  492.2  492.1
   36.5  22443  -65.1  -91.1      2   0.00     98     61  535.7  535.8  535.7
   35.0  22699  -65.1  -90.2      2   0.00    100     69  542.2  542.2  542.2
   34.9  22716  -65.1  -90.1      2   0.00                542.6  542.7  542.6

                         Station identifier: SBMN
                             Station number: 82332
                           Observation time: 260203/1200
                           Station latitude: -3.15
                          Station longitude: -59.98
                          Station elevation: 84.0
                            Showalter index: 0.53
                               Lifted index: -3.59
    LIFT computed using virtual temperature: -4.08
                                SWEAT index: 232.42
                                    K index: 25.90
                         Cross totals index: 20.10
                      Vertical totals index: 22.70
                        Totals totals index: 42.80
      Convective Available Potential Energy: 1875.59
             CAPE using virtual temperature: 2099.07
                      Convective Inhibition: -2.73
             CINS using virtual temperature: -0.17
                           Equilibrum Level: 131.71
 Equilibrum Level using virtual temperature: 131.29
                   Level of Free Convection: 910.60
             LFCT using virtual temperature: 941.86
                     Bulk Richardson Number: 106.99
          Bulk Richardson Number using CAPV: 119.74
  Temp [K] of the Lifted Condensation Level: 296.26
Pres [hPa] of the Lifted Condensation Level: 961.81
   Equivalent potential temp [K] of the LCL: 355.12
     Mean mixed layer potential temperature: 299.59
              Mean mixed layer mixing ratio: 18.94
              1000 hPa to 500 hPa thickness: 5777.00
Precipitable water [mm] for entire sounding: 51.46
