82332 SBMN Manaus (Aeroporto) Observations at 12Z 07 Jan 2026
-----------------------------------------------------------------------------
   PRES   HGHT   TEMP   DWPT   RELH   MIXR   DRCT   SKNT   THTA   THTE   THTV
    hPa     m      C      C      %    g/kg    deg   knot     K      K      K 
-----------------------------------------------------------------------------
 1003.0     84   28.4   22.4     70  17.34     30      2  301.3  352.6  304.4
 1000.0    108   27.4   23.0     77  18.05     50      3  300.6  353.8  303.8
  989.0    206   25.4   22.2     82  17.37     53      5  299.5  350.4  302.6
  950.0    559   24.4   20.6     79  16.36     65     13  301.9  350.4  304.9
  936.0    690   24.0   20.0     78  15.99     62     15  302.8  350.4  305.7
  925.0    793   23.4   19.3     78  15.48     60     17  303.2  349.4  306.0
  883.0   1197   20.4   17.6     84  14.60     55     20  304.2  347.9  306.9
  850.0   1528   18.0   16.3     90  13.91     75     20  305.0  346.8  307.5
  823.0   1805   16.2   15.1     93  13.29     71     23  305.9  346.0  308.4
  818.0   1856   16.0   14.4     90  12.80     70     23  306.2  344.9  308.6
  777.0   2293   14.5    8.9     69   9.28     90     17  309.1  337.8  310.9
  744.0   2661   13.2    4.2     54   7.00     63     14  311.6  333.6  312.9
  705.0   3111   10.0    5.2     72   7.91     30     10  312.9  337.8  314.4
  700.0   3171    9.6    5.3     75   8.04     30     10  313.1  338.4  314.6
  652.0   3758    5.6    4.5     93   8.16     40      9  315.0  340.8  316.5
  616.0   4221    2.4    1.7     95   7.08     47      8  316.5  339.1  317.8
  583.0   4666    0.0   -0.7     95   6.28     54      7  318.7  339.0  319.9
  556.0   5045   -1.5   -3.3     88   5.43     61      6  321.2  339.1  322.3
  547.0   5176   -0.9   -5.6     70   4.63     63      6  323.5  339.0  324.4
  526.0   5488   -2.1  -12.1     46   2.89     68      5  325.7  335.7  326.2
  511.0   5718   -3.3   -7.8     71   4.18     72      4  326.9  341.2  327.7
  500.0   5890   -4.3   -9.1     69   3.86     75      4  327.7  341.0  328.5
  459.0   6557   -8.7  -12.0     77   3.34     90      1  330.3  342.0  331.0
  447.0   6763  -10.1  -12.9     80   3.19    119      2  331.1  342.3  331.7
  413.0   7368  -14.5  -15.9     89   2.70    205      6  333.0  342.6  333.5
  402.0   7572  -15.1  -18.0     78   2.32    235      8  334.8  343.2  335.3
  400.0   7610  -15.5  -18.1     80   2.31    240      8  334.8  343.1  335.2
  328.0   9073  -25.7  -29.9     68   0.98    202      9  340.3  344.1  340.5
  300.0   9710  -31.3  -35.0     70   0.65    185     10  341.1  343.7  341.3
  290.0   9947  -33.2  -36.9     69   0.56    190     13  341.8  344.0  341.9
  285.0  10068  -34.1  -37.9     69   0.52    180     15  342.1  344.2  342.2
  272.0  10394  -36.7  -40.5     68   0.41    185     15  343.0  344.6  343.1
  257.0  10790  -39.9  -43.7     67   0.31    170     18  343.9  345.2  344.0
  255.0  10845  -40.3  -44.1     67   0.30    174     18  344.1  345.3  344.1
  250.0  10980  -41.5  -45.9     62   0.25    185     18  344.2  345.3  344.3
  238.0  11309  -44.3  -50.6     49   0.16    185     22  344.9  345.6  344.9
  228.0  11597  -46.7  -54.7     40   0.10    189     20  345.5  345.9  345.5
  226.0  11655  -47.2  -54.7     42   0.10    190     19  345.5  346.0  345.6
  217.0  11922  -49.7  -54.7     56   0.10    187     18  345.8  346.2  345.8
  200.0  12450  -53.9  -61.9     37   0.05    180     16  347.2  347.5  347.3
  187.0  12876  -57.0  -66.5     29   0.03    175     15  348.9  349.1  348.9
  175.0  13295  -60.1  -71.1     22   0.01    140     16  350.6  350.6  350.6
  166.0  13622  -63.0  -72.4     27   0.01    145     11  351.0  351.1  351.0
  164.0  13697  -63.7  -72.7     28   0.01    152     10  351.1  351.1  351.1
  160.0  13848  -64.7  -71.7     38   0.01    165      8  351.9  352.0  351.9
  157.0  13963  -65.4  -73.3     33   0.01    175      6  352.6  352.7  352.6
  151.0  14200  -66.8  -76.5     24   0.01    210     13  354.1  354.1  354.1
  150.0  14240  -67.1  -77.1     23   0.01    210     13  354.3  354.3  354.3
  142.0  14569  -68.5  -79.2     20   0.01    235     20  357.4  357.4  357.4
  138.0  14740  -69.3  -80.3     19   0.00    235     23  359.0  359.0  359.0
  128.0  15175  -72.4  -81.7     24   0.00    235     32  361.1  361.2  361.1
  116.0  15743  -76.5  -83.6     32   0.00    210     20  363.9  363.9  363.9
  100.0  16600  -82.7  -86.4     53   0.00    150     13  367.7  367.7  367.7
   96.0  16826  -83.9  -87.8     51   0.00    150     10  369.7  369.8  369.7
   93.9  16949  -84.5  -88.5     50   0.00    145      6  370.8  370.8  370.8
   92.0  17062  -84.5  -88.8     47   0.00    150      1  373.1  373.1  373.1
   88.0  17308  -84.3  -89.5     40   0.00    310     10  378.1  378.1  378.1
   85.0  17499  -84.3  -90.0     36   0.00    310     13  382.0  382.0  382.0
   81.0  17766  -84.2  -90.8     31   0.00    290     18  387.6  387.6  387.6
   79.4  17876  -84.1  -91.1     29   0.00    278     16  389.9  389.9  389.9
   79.0  17904  -83.6  -90.9     28   0.00    275     15  391.5  391.5  391.5
   76.0  18121  -79.6  -89.1     20   0.00    120      3  404.1  404.1  404.1
   75.3  18173  -78.7  -88.7     19   0.00    106      6  407.1  407.1  407.1
   74.0  18273  -78.3  -88.9     17   0.00     80     12  409.9  409.9  409.9
   71.0  18509  -77.5  -89.2     14   0.00     10     12  416.7  416.7  416.7
   70.5  18549  -77.3  -89.3     13   0.00     10     12  417.8  417.9  417.8
   70.0  18590  -77.3  -89.3     13   0.00     10     12  418.7  418.7  418.7
   68.0  18755  -78.0  -89.6     14   0.00     10     11  420.8  420.8  420.8
   64.7  19039  -79.1  -90.1     15   0.00     75     14  424.3  424.3  424.3
   63.0  19193  -74.4  -88.8      9   0.00    110     15  437.9  438.0  437.9
   62.2  19267  -72.1  -88.1      8   0.00    118     17  444.6  444.6  444.6
   62.0  19286  -72.0  -88.1      7   0.00    120     17  445.2  445.2  445.2
   59.0  19580  -70.4  -88.7      5   0.00     65     16  455.1  455.2  455.1
   58.1  19671  -69.9  -88.9      5   0.00     61     15  458.3  458.3  458.3
   57.0  19784  -70.4  -89.1      5   0.00     55     13  459.7  459.8  459.7
   55.0  19996  -71.2  -89.4      5   0.00     70     13  462.4  462.5  462.4
   54.4  20061  -71.5  -89.5      5   0.00     76     15  463.3  463.3  463.3
   50.0  20560  -70.5  -89.5      5   0.00    120     28  476.9  477.0  476.9
   47.0  20927  -70.3  -90.3      4   0.00     99     37  485.9  485.9  485.9
   45.0  21189  -68.2  -90.2      3   0.00     85     43  497.1  497.1  497.1
   44.0  21324  -67.1  -90.2      3   0.00     75     40  502.9  503.0  502.9
   42.2  21575  -65.1  -90.1      2   0.00     84     41  514.0  514.0  514.0
   38.0  22212  -66.0  -91.0      2   0.00    105     44  527.2  527.2  527.2
   37.7  22260  -66.1  -91.1      2   0.00    104     45  528.2  528.3  528.2
   33.0  23079  -61.1  -90.3      1   0.00     95     56  561.9  561.9  561.9
   32.1  23249  -60.1  -90.1      1   0.00     95     55  569.1  569.1  569.1
   30.0  23670  -60.7  -89.7      1   0.00     95     51  578.6  578.6  578.6
   28.0  24098  -61.3  -90.3      1   0.00    100     54  588.5  588.5  588.5
   27.9  24121  -61.3  -90.3      1   0.00                589.0  589.1  589.0

                         Station identifier: SBMN
                             Station number: 82332
                           Observation time: 260107/1200
                           Station latitude: -3.15
                          Station longitude: -59.98
                          Station elevation: 84.0
                            Showalter index: -0.06
                               Lifted index: -1.53
    LIFT computed using virtual temperature: -1.93
                                SWEAT index: 239.62
                                    K index: 34.30
                         Cross totals index: 20.60
                      Vertical totals index: 22.30
                        Totals totals index: 42.90
      Convective Available Potential Energy: 987.18
             CAPE using virtual temperature: 1099.79
                      Convective Inhibition: -48.20
             CINS using virtual temperature: -40.34
                           Equilibrum Level: 175.49
 Equilibrum Level using virtual temperature: 175.39
                   Level of Free Convection: 842.09
             LFCT using virtual temperature: 851.97
                     Bulk Richardson Number: 521.29
          Bulk Richardson Number using CAPV: 580.76
  Temp [K] of the Lifted Condensation Level: 293.94
Pres [hPa] of the Lifted Condensation Level: 924.26
   Equivalent potential temp [K] of the LCL: 350.80
     Mean mixed layer potential temperature: 300.65
              Mean mixed layer mixing ratio: 17.05
              1000 hPa to 500 hPa thickness: 5782.00
Precipitable water [mm] for entire sounding: 57.57
