82332 SBMN Manaus (Aeroporto) Observations at 12Z 08 Mar 2026
-----------------------------------------------------------------------------
   PRES   HGHT   TEMP   DWPT   RELH   MIXR   DRCT   SKNT   THTA   THTE   THTV
    hPa     m      C      C      %    g/kg    deg   knot     K      K      K 
-----------------------------------------------------------------------------
 1002.0     84   25.8   22.5     82  17.46     60      4  298.8  349.9  301.9
 1000.0    102   25.6   22.4     83  17.39     70      9  298.8  349.6  301.9
  972.0    351   24.4   21.1     82  16.53     70     20  299.9  348.5  302.9
  925.0    786   22.2   18.9     82  15.09     70     20  302.0  346.8  304.7
  919.0    842   21.9   18.7     82  15.00     70     20  302.2  346.7  304.9
  854.0   1478   18.0   16.4     90  13.97     85     15  304.6  346.5  307.2
  850.0   1519   17.8   16.3     91  13.91     85     15  304.8  346.5  307.3
  835.0   1672   18.0   14.7     81  12.75     80     15  306.5  345.1  308.9
  774.0   2311   13.8   11.7     87  11.24     60     13  308.7  343.1  310.8
  729.0   2816   10.5    9.2     92  10.14     75     15  310.4  341.7  312.3
  700.0   3158    8.2    7.6     96   9.44     60     12  311.5  340.9  313.3
  698.0   3182    8.0    7.5     96   9.41     55     11  311.6  340.9  313.4
  680.0   3397    6.6    6.6    100   9.07     55     13  312.3  340.6  314.0
  628.0   4045    4.1    3.0     92   7.60     55     19  316.7  340.9  318.1
  575.0   4762    1.3   -1.1     84   6.19     80     14  321.5  341.8  322.7
  565.0   4904    0.8   -1.9     82   5.94     65     11  322.4  342.0  323.6
  555.0   5050    0.2   -2.7     81   5.69     71      9  323.4  342.3  324.5
  530.0   5418   -1.9   -5.8     75   4.71     87      3  325.2  341.1  326.1
  525.0   5493   -2.4   -5.8     77   4.74     90      2  325.5  341.5  326.4
  500.0   5880   -4.9   -6.1     91   4.88     80      5  327.0  343.5  328.0
  457.0   6582   -9.7   -9.8     99   4.00    110      6  329.5  343.3  330.3
  400.0   7600  -15.3  -17.0     87   2.54    155      8  335.0  344.2  335.5
  355.0   8494  -21.3  -23.0     86   1.70    147     10  338.6  344.9  338.9
  347.0   8662  -22.4  -25.0     79   1.46    145     10  339.4  344.9  339.7
  331.0   9008  -24.5  -29.1     66   1.04    120     12  341.0  345.0  341.2
  320.0   9255  -26.1  -32.1     57   0.81    135     14  342.1  345.3  342.3
  306.0   9578  -29.1  -31.9     77   0.87    155     16  342.3  345.7  342.5
  300.0   9720  -29.9  -32.9     75   0.80    160     18  343.1  346.3  343.3
  263.0  10639  -37.0  -41.6     62   0.38    125     20  345.9  347.4  345.9
  254.0  10882  -38.9  -43.9     59   0.31    132     24  346.5  347.8  346.6
  250.0  10990  -39.9  -44.9     59   0.28    135     26  346.6  347.8  346.7
  238.0  11319  -42.8  -47.7     59   0.22    140     25  347.1  348.1  347.2
  211.0  12123  -49.9  -54.5     58   0.11    130     24  348.2  348.7  348.2
  200.0  12470  -53.1  -59.1     48   0.07    135     24  348.5  348.8  348.5
  174.0  13348  -60.7  -70.7     26   0.02    135     29  350.1  350.2  350.1
  169.0  13527  -62.5  -70.0     36   0.02    135     30  350.1  350.2  350.1
  164.0  13712  -64.3  -69.3     50   0.02    139     27  350.1  350.2  350.1
  158.0  13937  -66.0  -73.1     37   0.01    145     23  351.0  351.1  351.0
  151.0  14210  -68.0  -77.6     24   0.01    130     21  352.1  352.1  352.1
  150.0  14250  -68.3  -78.3     23   0.01    135     21  352.2  352.3  352.2
  149.0  14290  -68.7  -78.7     22   0.01    137     21  352.2  352.2  352.2
  139.0  14703  -72.1  -80.3     28   0.00    155     17  353.3  353.3  353.3
  133.0  14965  -74.3  -81.3     33   0.00    140     16  353.9  353.9  353.9
  127.0  15230  -75.7  -82.7     33   0.00    125     15  356.1  356.1  356.1
  112.0  15951  -79.4  -86.4     31   0.00    175     10  362.1  362.1  362.1
  105.0  16321  -81.3  -88.3     30   0.00    165     11  365.2  365.2  365.2
  101.0  16544  -82.5  -89.5     30   0.00    135     10  367.0  367.1  367.0
  100.0  16600  -82.9  -88.9     35   0.00    135     12  367.3  367.3  367.3
   93.0  16997  -85.9  -91.2     38   0.00    110     15  369.1  369.2  369.1
   88.0  17300  -88.1  -93.0     41   0.00    120     12  370.5  370.5  370.5
   86.8  17375  -88.7  -93.4     42   0.00    120     15  370.8  370.8  370.8
   82.4  17657  -87.1  -94.1     28   0.00    104     25  379.6  379.6  379.6
   81.3  17730  -83.1  -91.1     24   0.00    100     27  389.3  389.3  389.3
   80.0  17820  -83.1  -91.1     24   0.00     95     30  391.1  391.1  391.1
   79.3  17869  -83.1  -91.1     24   0.00     93     30  392.1  392.1  392.1
   78.0  17963  -79.7  -89.8     18   0.00     90     29  401.0  401.0  401.0
   76.3  18087  -75.1  -88.1     12   0.00     68     25  413.1  413.1  413.1
   73.0  18345  -73.1  -87.8      9   0.00     25     18  422.6  422.6  422.6
   72.4  18393  -72.7  -87.7      9   0.00     30     16  424.4  424.4  424.4
   70.0  18590  -73.5  -88.5      9   0.00     50      7  426.8  426.8  426.8
   67.0  18845  -74.6  -89.2      9   0.00    290      1  429.8  429.8  429.8
   63.2  19185  -76.1  -90.1     10   0.00    178      8  433.7  433.8  433.7
   61.0  19390  -75.7  -90.2      9   0.00    110     12  439.0  439.0  439.0
   58.7  19613  -75.3  -90.3      8   0.00     99     21  444.8  444.8  444.8
   58.0  19684  -74.2  -90.0      7   0.00     95     24  448.9  448.9  448.9
   54.0  20107  -67.3  -88.2      4   0.00     70     14  474.0  474.0  474.0
   53.9  20118  -67.1  -88.1      4   0.00     70     14  474.6  474.7  474.6
   51.0  20451  -68.7  -89.0      4   0.00     80     15  478.4  478.4  478.4
   50.0  20570  -69.3  -89.3      4   0.00     90     17  479.8  479.8  479.8
   48.0  20813  -70.2  -89.6      4   0.00    125     18  483.2  483.2  483.2
   47.0  20938  -70.7  -89.7      5   0.00    112     21  485.0  485.0  485.0
   45.0  21197  -70.0  -89.8      4   0.00     85     28  492.7  492.8  492.7
   42.0  21609  -68.9  -90.0      3   0.00    105     39  505.3  505.3  505.3
   40.0  21900  -68.1  -90.1      3   0.00                514.4  514.4  514.4

                         Station identifier: SBMN
                             Station number: 82332
                           Observation time: 260308/1200
                           Station latitude: -3.15
                          Station longitude: -59.98
                          Station elevation: 84.0
                            Showalter index: -0.56
                               Lifted index: -1.31
    LIFT computed using virtual temperature: -1.48
                                SWEAT index: 230.58
                                    K index: 38.40
                         Cross totals index: 21.20
                      Vertical totals index: 22.70
                        Totals totals index: 43.90
      Convective Available Potential Energy: 381.12
             CAPE using virtual temperature: 435.47
                      Convective Inhibition: -60.02
             CINS using virtual temperature: -47.25
                           Equilibrum Level: 257.78
 Equilibrum Level using virtual temperature: 256.40
                   Level of Free Convection: 776.19
             LFCT using virtual temperature: 788.76
                     Bulk Richardson Number: 343.10
          Bulk Richardson Number using CAPV: 392.03
  Temp [K] of the Lifted Condensation Level: 293.60
Pres [hPa] of the Lifted Condensation Level: 929.10
   Equivalent potential temp [K] of the LCL: 348.51
     Mean mixed layer potential temperature: 299.85
              Mean mixed layer mixing ratio: 16.60
              1000 hPa to 500 hPa thickness: 5778.00
Precipitable water [mm] for entire sounding: 61.00
