82332 SBMN Manaus (Aeroporto) Observations at 12Z 28 Jan 2026
-----------------------------------------------------------------------------
   PRES   HGHT   TEMP   DWPT   RELH   MIXR   DRCT   SKNT   THTA   THTE   THTV
    hPa     m      C      C      %    g/kg    deg   knot     K      K      K 
-----------------------------------------------------------------------------
 1005.0     84   24.8   23.8     94  18.88    160      2  297.5  352.4  300.9
 1000.0    124   24.6   23.4     93  18.51    160      2  297.8  351.6  301.0
  983.0    275   24.4   22.8     91  18.11    110     11  299.0  352.0  302.3
  963.0    456   24.2   22.0     88  17.63    100     13  300.6  352.5  303.7
  925.0    808   22.0   20.6     92  16.82     80     16  301.8  351.6  304.8
  909.0    959   21.1   19.7     92  16.18     75     18  302.3  350.4  305.3
  882.0   1221   19.4   18.2     93  15.13     75     21  303.2  348.3  306.0
  850.0   1541   17.4   16.3     93  13.91     70     17  304.4  346.0  306.9
  838.0   1663   16.2   16.1     99  13.93     68     16  304.3  346.1  306.9
  802.0   2036   14.8   11.8     82  10.94     60     13  306.7  339.9  308.7
  784.0   2229   14.1    9.6     74   9.63     75     10  307.9  337.4  309.7
  778.0   2294   13.8    8.8     72   9.22     74     10  308.3  336.6  310.0
  720.0   2945   10.2    6.9     80   8.74     60     10  311.2  338.4  312.9
  704.0   3133   10.2    2.2     58   6.41     56     10  313.2  333.6  314.4
  700.0   3180   10.0    2.0     58   6.36     55     10  313.5  333.7  314.7
  693.0   3263    9.3    2.5     62   6.66     50     10  313.7  334.8  314.9
  676.0   3468    7.6    3.8     77   7.48     35     10  314.0  337.7  315.4
  664.0   3616    6.4    4.7     89   8.13     27      7  314.2  339.9  315.8
  638.0   3940    4.6    3.4     92   7.69     10      1  315.8  340.3  317.3
  579.0   4728    0.2    0.1     99   6.70    314      2  319.5  341.3  320.8
  538.0   5314   -3.1   -3.1    100   5.69    272      3  322.4  341.2  323.5
  500.0   5890   -6.7   -6.7    100   4.66    230      4  324.8  340.5  325.7
  497.0   5937   -6.9   -6.9    100   4.61    230      4  325.1  340.7  326.0
  476.0   6273   -8.1  -10.2     85   3.73    230      5  327.7  340.5  328.5
  460.0   6539   -9.0  -12.8     74   3.13    230     10  329.8  340.7  330.4
  440.0   6885  -10.2  -16.1     62   2.48    215     20  332.5  341.4  333.0
  422.0   7210  -11.3  -19.3     52   1.98    227     14  335.1  342.3  335.4
  418.0   7283  -11.9  -19.7     52   1.93    230     13  335.2  342.3  335.6
  400.0   7620  -14.5  -21.5     55   1.73    205     12  336.1  342.4  336.4
  396.0   7695  -15.0  -22.2     54   1.64    185     11  336.4  342.4  336.7
  380.0   8002  -17.1  -25.2     50   1.31    165     10  337.5  342.5  337.8
  352.0   8572  -21.1  -30.7     42   0.85    155      2  339.7  343.0  339.9
  345.0   8722  -22.1  -32.1     40   0.76    159      4  340.3  343.2  340.4
  316.0   9358  -27.2  -37.2     38   0.50    175     12  341.8  343.9  341.9
  310.0   9496  -28.3  -38.3     38   0.45    185     13  342.2  344.0  342.2
  304.0   9636  -29.5  -38.3     42   0.46    195     14  342.4  344.3  342.5
  300.0   9730  -30.3  -38.3     46   0.47    190     13  342.6  344.5  342.6
  279.0  10236  -34.4  -40.6     53   0.40    175     21  343.8  345.4  343.9
  253.0  10917  -40.0  -43.8     67   0.31    180     20  345.2  346.6  345.3
  250.0  11000  -40.7  -44.2     69   0.30    165     18  345.4  346.7  345.5
  237.0  11359  -44.1  -45.1     90   0.29    155     17  345.6  346.8  345.7
  229.0  11587  -46.1  -47.8     83   0.22    158     16  346.0  346.9  346.0
  209.0  12186  -50.5  -66.5     13   0.02    165     14  348.2  348.4  348.2
  200.0  12470  -52.5  -66.5     17   0.02    165     26  349.5  349.6  349.5
  191.0  12762  -54.6  -69.1     15   0.02    165     33  350.8  350.9  350.8
  169.0  13538  -60.1  -76.1     11   0.01    197     16  354.1  354.1  354.1
  167.0  13611  -60.7  -76.4     11   0.01    200     14  354.2  354.3  354.2
  162.0  13798  -62.3  -77.2     12   0.01    210     11  354.7  354.7  354.7
  150.0  14270  -66.3  -79.3     15   0.00    285     20  355.7  355.7  355.7
  129.0  15167  -74.5  -80.5     39   0.00    300     36  356.6  356.6  356.6
  109.0  16128  -79.9  -85.9     37   0.00    280     30  364.0  364.0  364.0
  100.0  16620  -82.7  -88.7     35   0.00    300     21  367.7  367.7  367.7
   97.0  16789  -83.5  -89.5     35   0.00    295     20  369.3  369.4  369.3
   91.0  17142  -85.2  -91.2     34   0.00    340     14  372.8  372.8  372.8
   90.0  17203  -85.5  -91.5     34   0.00    335      9  373.4  373.4  373.4
   89.0  17265  -85.3  -91.5     33   0.00    280      3  375.0  375.0  375.0
   85.0  17520  -84.4  -91.8     27   0.00    195     13  381.7  381.7  381.7
   82.0  17719  -83.7  -91.9     23   0.00    175     19  387.1  387.1  387.1
   76.1  18133  -82.3  -92.3     17   0.00    126     15  398.4  398.4  398.4
   76.0  18141  -82.2  -92.2     17   0.00    125     15  398.8  398.9  398.8
   74.0  18292  -79.1  -90.9     13   0.00     90     14  408.3  408.3  408.3
   72.6  18400  -76.9  -89.9     11   0.00     90     14  415.2  415.2  415.2
   71.0  18528  -76.5  -90.1     10   0.00     90     14  418.6  418.6  418.6
   70.0  18610  -76.3  -90.3     10   0.00     60     11  420.8  420.8  420.8
   68.3  18752  -75.3  -90.3      8   0.00     27     11  425.9  426.0  425.9
   66.0  18949  -75.9  -90.4      9   0.00    340     12  428.8  428.8  428.8
   63.0  19217  -76.8  -90.5     10   0.00    310     16  432.7  432.7  432.7
   61.0  19403  -77.3  -90.6     11   0.00    310     12  435.4  435.4  435.4
   59.8  19517  -77.7  -90.7     11   0.00    342     10  437.1  437.1  437.1
   58.0  19694  -77.2  -90.7     10   0.00     30      6  442.1  442.1  442.1
   57.0  19794  -76.8  -90.7     10   0.00     80     11  445.0  445.1  445.0
   52.0  20324  -75.2  -90.5      8   0.00    105     21  460.7  460.7  460.7
   50.0  20550  -74.5  -90.5      7   0.00     90     34  467.5  467.6  467.5
   49.0  20668  -74.1  -90.7      6   0.00     90     34  471.1  471.2  471.1
   47.0  20912  -73.3  -91.0      5   0.00    105     38  478.7  478.7  478.7
   44.0  21298  -72.1  -91.4      4   0.00     90     44  490.8  490.8  490.8
   41.3  21669  -70.9  -91.9      3   0.00     92     50  502.7  502.7  502.7
   36.7  22381  -62.3  -91.3      1   0.00     97     61  542.1  542.1  542.1
   34.0  22854  -61.2  -90.6      1   0.00    100     68  556.8  556.9  556.8
   33.5  22946  -61.0  -90.5      1   0.00    100     68  559.8  559.8  559.8
   30.0  23630  -59.5  -89.5      1   0.00     95     63  581.9  581.9  581.9
   29.1  23820  -60.1  -90.1      1   0.00     95     63  585.3  585.3  585.3
   29.0                                        95     63                     

                         Station identifier: SBMN
                             Station number: 82332
                           Observation time: 260128/1200
                           Station latitude: -3.15
                          Station longitude: -59.98
                          Station elevation: 84.0
                            Showalter index: -2.18
                               Lifted index: -4.37
    LIFT computed using virtual temperature: -4.68
                                SWEAT index: 233.60
                                    K index: 32.40
                         Cross totals index: 23.00
                      Vertical totals index: 24.10
                        Totals totals index: 47.10
      Convective Available Potential Energy: 1096.92
             CAPE using virtual temperature: 1223.75
                      Convective Inhibition: -14.57
             CINS using virtual temperature: -12.08
                           Equilibrum Level: 185.26
 Equilibrum Level using virtual temperature: 184.97
                   Level of Free Convection: 882.79
             LFCT using virtual temperature: 891.73
                     Bulk Richardson Number: 287.68
          Bulk Richardson Number using CAPV: 320.94
  Temp [K] of the Lifted Condensation Level: 295.27
Pres [hPa] of the Lifted Condensation Level: 952.46
   Equivalent potential temp [K] of the LCL: 352.08
     Mean mixed layer potential temperature: 299.43
              Mean mixed layer mixing ratio: 17.98
              1000 hPa to 500 hPa thickness: 5766.00
Precipitable water [mm] for entire sounding: 59.62
