82332 SBMN Manaus (Aeroporto) Observations at 12Z 04 Mar 2026
-----------------------------------------------------------------------------
   PRES   HGHT   TEMP   DWPT   RELH   MIXR   DRCT   SKNT   THTA   THTE   THTV
    hPa     m      C      C      %    g/kg    deg   knot     K      K      K 
-----------------------------------------------------------------------------
 1001.0     84   28.0   20.0     62  14.93    300      5  301.1  345.2  303.8
 1000.0     93   27.8   19.8     62  14.76     20      8  300.9  344.6  303.6
  988.0    200   27.7   18.7     58  13.94     20     11  301.9  343.2  304.4
  963.0    428   27.4   16.4     51  12.33     40     20  303.8  340.8  306.1
  926.0    773   24.5   17.4     65  13.67     65     15  304.2  345.2  306.7
  925.0    783   24.4   17.4     65  13.70     65     15  304.2  345.3  306.8
  850.0   1518   18.6   15.8     84  13.46     30      5  305.6  346.2  308.1
  831.0   1712   16.9   15.3     90  13.30     15      4  305.9  346.0  308.3
  818.0   1847   15.8   14.9     94  13.20     21      4  306.0  345.8  308.4
  713.0   3004    8.6    8.0     96   9.53     73      5  310.3  339.8  312.1
  702.0   3133    8.6    5.5     81   8.13     79      5  311.7  337.1  313.2
  700.0   3157    8.6    4.4     75   7.55     80      5  312.0  335.6  313.4
  681.0   3386   10.0  -15.0     16   1.76     68     12  316.0  322.0  316.3
  676.0   3446    9.7  -15.0     16   1.77     65     14  316.3  322.4  316.6
  661.0   3632    8.6  -15.2     17   1.79     45     11  317.1  323.3  317.4
  634.0   3976    6.6  -15.4     19   1.83    146     11  318.6  325.0  319.0
  625.0   4093    5.5  -12.0     27   2.45    180     11  318.7  327.1  319.2
  607.0   4331    3.4   -5.0     54   4.37    190     11  318.9  333.3  319.7
  593.0   4521    1.6    0.6     93   6.79    168     12  319.0  341.0  320.3
  579.0   4713    0.4   -0.6     93   6.38    145     13  319.8  340.6  321.0
  546.0   5183   -2.5   -3.5     93   5.45    150     16  321.8  339.8  322.8
  537.0   5316   -3.3   -4.3     93   5.21    143     18  322.3  339.6  323.3
  533.0   5375   -3.6   -5.3     88   4.87    140     19  322.6  338.8  323.6
  513.0   5677   -5.3  -10.3     68   3.42    136     13  324.1  335.8  324.8
  505.0   5801   -3.7  -24.7     18   1.03    135     11  327.5  331.3  327.7
  500.0   5880   -3.3  -32.3      9   0.51    100      8  328.9  330.9  329.1
  482.0   6165   -5.3  -34.7      8   0.42     40      5  329.9  331.5  330.0
  460.0   6529   -8.0  -37.7      7   0.33     50     11  331.1  332.4  331.1
  446.0   6769   -9.7  -39.7      7   0.27     46     18  331.8  332.9  331.9
  442.0   6838  -10.0  -40.5      6   0.25     45     20  332.3  333.3  332.4
  429.0   7066  -11.0  -43.2      5   0.20     55     19  333.9  334.7  333.9
  409.0   7431  -12.5  -47.5      4   0.13     25     11  336.5  337.1  336.5
  400.0   7600  -13.7  -42.7      7   0.22     20      7  337.1  338.0  337.1
  380.0   7981  -16.8  -41.0     10   0.28    105      3  338.0  339.2  338.1
  364.0   8300  -19.4  -39.7     15   0.34    110     11  338.8  340.1  338.8
  346.0   8676  -22.4  -38.0     23   0.42    130     14  339.6  341.3  339.7
  325.0   9141  -26.1  -36.0     39   0.55    130     18  340.5  342.7  340.6
  322.0   9210  -26.7  -35.7     42   0.57    138     18  340.7  342.9  340.8
  316.0   9346  -26.9  -39.9     28   0.38    155     19  342.2  343.8  342.3
  310.0   9484  -27.1  -44.1     18   0.25    142     22  343.8  344.9  343.9
  300.0   9720  -29.3  -44.3     22   0.25    120     27  344.0  345.0  344.0
  299.0   9743  -29.5  -44.4     22   0.25    120     27  344.0  345.0  344.0
  262.0  10665  -38.1  -49.8     28   0.15    135     31  344.6  345.3  344.7
  254.0  10882  -40.1  -51.1     30   0.14    118     30  344.7  345.3  344.8
  250.0  10990  -40.9  -51.9     30   0.13    110     30  345.1  345.7  345.1
  229.0  11581  -44.3  -64.3      9   0.03     74     23  348.7  348.8  348.7
  224.0  11726  -45.6  -64.8     10   0.03     65     21  348.9  349.0  348.9
  211.0  12118  -49.3  -66.2     12   0.02     80     13  349.2  349.3  349.2
  200.0  12470  -52.5  -67.5     15   0.02     60     14  349.5  349.6  349.5
  199.0  12502  -52.8  -67.6     15   0.02     50     11  349.5  349.6  349.5
  194.0  12667  -54.3  -68.3     16   0.02     58      6  349.6  349.8  349.6
  190.0  12799  -55.4  -67.4     21   0.02     65      2  350.0  350.1  350.0
  181.0  13108  -57.9  -65.4     37   0.03    165     10  350.9  351.0  350.9
  178.0  13214  -58.7  -64.7     46   0.04    162     12  351.1  351.3  351.2
  170.0  13502  -60.9  -70.9     26   0.02    155     19  352.1  352.2  352.1
  150.0  14270  -67.5  -72.2     51   0.01    170     14  353.6  353.7  353.6
  147.0  14390  -68.6  -73.2     52   0.01    175     11  353.7  353.8  353.7
  140.0  14679  -71.3  -75.5     53   0.01    195     12  354.0  354.0  354.0
  135.0  14895  -73.3  -77.3     54   0.01    183     12  354.1  354.2  354.1
  116.0  15758  -79.0  -82.9     53   0.00    135     12  359.2  359.2  359.2
  101.0  16545  -84.3  -88.0     53   0.00    125     12  363.6  363.6  363.6
  100.0  16600  -84.5  -88.4     51   0.00    125     12  364.2  364.2  364.2
   93.0  16996  -86.5  -90.2     52   0.00    100     13  367.8  367.8  367.8
   88.0  17297  -88.1  -91.5     54   0.00    115     12  370.5  370.5  370.5
   85.6  17448  -88.9  -92.2     55   0.00    105     15  371.9  371.9  371.9
   82.0  17688  -83.6  -89.1     38   0.00     75     27  387.2  387.2  387.2
   78.0  17967  -77.5  -85.6     27   0.00     50     21  405.5  405.5  405.5
   76.6  18068  -75.3  -84.3     24   0.00     22     14  412.2  412.2  412.2
   76.0  18114  -75.2  -84.4     23   0.00     10     11  413.3  413.3  413.3
   71.0  18508  -74.8  -85.5     18   0.00    240      5  422.3  422.4  422.3
   70.0  18590  -74.7  -85.7     17   0.00    185      6  424.2  424.3  424.2
   67.0  18845  -74.0  -85.6     15   0.00    175     11  431.2  431.2  431.2
   65.2  19003  -73.5  -85.5     15   0.00    178     15  435.6  435.6  435.6
   64.0  19111  -74.1  -86.1     14   0.00    180     17  436.5  436.6  436.5
   61.0  19390  -75.7  -87.7     14   0.00    169     19  439.0  439.1  439.0
   60.0  19486  -75.3  -87.7     13   0.00    165     20  441.9  441.9  441.9
   56.0  19889  -73.8  -87.6     11   0.00    165     16  454.2  454.2  454.2
   54.0  20101  -73.0  -87.6      9   0.00    135     10  460.8  460.8  460.8
   53.0  20210  -72.6  -87.5      9   0.00     75     11  464.2  464.2  464.2
   50.4  20503  -71.5  -87.5      8   0.00     92     23  473.5  473.5  473.5
   50.0  20550  -71.7  -87.7      8   0.00     95     25  474.1  474.1  474.1
   49.0  20668  -72.4  -88.1      8   0.00    105     29  475.1  475.2  475.1
   46.8  20937  -74.1  -89.1      8   0.00     90     34  477.4  477.4  477.4
   44.0  21301  -69.8  -87.9      6   0.00     70     40  496.4  496.5  496.4
   43.2  21409  -68.5  -87.5      5   0.00     73     44  502.2  502.2  502.2
   40.0  21880  -66.5  -87.8      4   0.00     85     60  518.3  518.4  518.3
   30.4  23559  -59.4  -89.0      1   0.00    100     79  579.8  579.9  579.8
   30.0  23640  -59.1  -89.1      1   0.00     95     76  582.9  583.0  582.9
   26.0  24544  -55.8  -88.5      1   0.01     95     67  616.7  616.8  616.7
   25.7  24617  -55.5  -88.5      1   0.01     95     64  619.5  619.6  619.5
   24.0  25056  -52.7  -86.7      1   0.01     95     44  639.9  640.0  639.9
   23.5  25193  -49.1  -86.1      1   0.01                654.3  654.4  654.3

                         Station identifier: SBMN
                             Station number: 82332
                           Observation time: 260304/1200
                           Station latitude: -3.15
                          Station longitude: -59.98
                          Station elevation: 84.0
                            Showalter index: 1.16
                               Lifted index: 2.67
    LIFT computed using virtual temperature: 1.95
                                SWEAT index: 207.59
                                    K index: 33.50
                         Cross totals index: 19.10
                      Vertical totals index: 21.90
                        Totals totals index: 41.00
      Convective Available Potential Energy: 14.24
             CAPE using virtual temperature: 21.34
                      Convective Inhibition: -108.67
             CINS using virtual temperature: -110.94
                           Equilibrum Level: 511.39
 Equilibrum Level using virtual temperature: 509.87
                   Level of Free Convection: 732.23
             LFCT using virtual temperature: 734.69
                     Bulk Richardson Number: 0.80
          Bulk Richardson Number using CAPV: 1.20
  Temp [K] of the Lifted Condensation Level: 288.60
Pres [hPa] of the Lifted Condensation Level: 845.26
   Equivalent potential temp [K] of the LCL: 342.20
     Mean mixed layer potential temperature: 302.82
              Mean mixed layer mixing ratio: 13.27
              1000 hPa to 500 hPa thickness: 5787.00
Precipitable water [mm] for entire sounding: 47.23
