82332 SBMN Manaus (Aeroporto) Observations at 00Z 04 Feb 2026
-----------------------------------------------------------------------------
   PRES   HGHT   TEMP   DWPT   RELH   MIXR   DRCT   SKNT   THTA   THTE   THTV
    hPa     m      C      C      %    g/kg    deg   knot     K      K      K 
-----------------------------------------------------------------------------
 1002.0     84   24.8   21.3     81  16.20      0      6  297.8  344.9  300.7
 1000.0    103   24.8   20.6     77  15.53     40     11  297.9  343.2  300.7
  996.0    138   25.2   19.2     69  14.27     40     11  298.7  340.4  301.2
  989.0    201   27.6   20.6     66  15.71     47     15  301.7  348.2  304.5
  982.0    264   27.8   21.8     70  17.06     54     19  302.5  353.2  305.6
  976.0    318   27.5   21.4     69  16.70     60     22  302.8  352.5  305.8
  950.0    558   26.4   19.4     65  15.16     57     23  304.0  349.3  306.7
  925.0    793   24.6   18.6     69  14.80     55     24  304.5  348.8  307.2
  903.0   1003   22.8   18.1     74  14.65     55     27  304.7  348.7  307.4
  850.0   1530   18.4   16.7     90  14.28     60     26  305.4  348.4  308.0
  788.0   2177   14.0   13.9     99  12.83     67     20  307.4  346.3  309.7
  758.0   2504   12.6   11.5     93  11.37     70     17  309.3  344.1  311.4
  721.0   2926   10.8    8.4     85   9.68     39     13  311.8  341.9  313.6
  711.0   3043   11.0    6.0     71   8.31     30     11  313.2  339.4  314.8
  700.0   3173   10.8    2.8     58   6.73     20     10  314.4  335.9  315.7
  689.0   3305   10.4    2.4     58   6.65     16     10  315.4  336.6  316.7
  675.0   3476    9.3    1.7     59   6.47     10     10  316.0  336.8  317.3
  656.0   3713    7.8    0.8     61   6.22     35      8  316.9  337.0  318.1
  627.0   4083    4.7    0.1     72   6.18     75      6  317.5  337.5  318.7
  601.0   4429    1.8   -0.6     84   6.13     92      8  318.0  337.9  319.2
  591.0   4564    1.0   -1.0     86   6.06     99      8  318.6  338.3  319.8
  569.0   4870    0.6  -14.4     32   2.21    114      9  321.6  329.3  322.0
  520.0   5589   -2.9   -5.4     83   4.95    151     13  325.8  342.4  326.7
  515.0   5666   -3.2   -6.2     80   4.71    155     13  326.3  342.2  327.2
  500.0   5900   -4.1   -8.5     71   4.05    155     14  328.0  341.9  328.8
  487.0   6107   -4.9   -9.5     70   3.84    160     15  329.5  342.8  330.2
  443.0   6840  -10.0  -12.1     85   3.45    180     17  332.1  344.2  332.8
  426.0   7142  -12.1  -13.1     92   3.29    180     17  333.1  344.7  333.8
  412.0   7396  -13.7  -15.5     86   2.78    180     17  334.3  344.2  334.8
  400.0   7620  -15.1  -17.7     81   2.39    185     22  335.3  343.9  335.8
  393.0   7753  -16.1  -18.4     83   2.30    195     23  335.6  343.9  336.1
  379.0   8027  -18.3  -19.8     88   2.11    182     18  336.3  344.0  336.7
  372.0   8167  -19.1  -22.2     76   1.74    175     16  337.1  343.5  337.4
  368.0   8247  -19.5  -23.6     70   1.56    179     16  337.5  343.3  337.8
  364.0   8329  -19.7  -33.7     28   0.61    182     16  338.3  340.7  338.4
  361.0   8391  -20.3  -27.3     54   1.14    185     16  338.3  342.6  338.5
  351.0   8598  -21.6  -37.5     22   0.44    170     21  339.3  341.1  339.4
  341.0   8812  -22.9  -47.9      8   0.15    182     19  340.3  340.9  340.3
  335.0   8942  -24.0  -48.7      8   0.14    190     18  340.6  341.2  340.6
  325.0   9163  -25.8  -50.2      8   0.12    170     13  341.0  341.5  341.0
  316.0   9367  -27.5  -51.5      8   0.11    170     12  341.4  341.9  341.4
  313.0   9436  -28.1  -51.7      9   0.10    170     11  341.5  342.0  341.5
  304.0   9645  -29.9  -52.4      9   0.10    160      7  341.9  342.3  341.9
  300.0   9740  -30.7  -52.7     10   0.10    140     10  342.0  342.4  342.0
  296.0   9834  -31.4  -50.6     13   0.12    130     11  342.4  342.9  342.4
  287.0  10050  -32.9  -45.9     26   0.22    126     10  343.2  344.1  343.2
  285.0  10099  -33.3  -38.1     62   0.50    125     10  343.3  345.4  343.4
  278.0  10272  -34.3  -38.4     66   0.50    108     12  344.3  346.4  344.4
  273.0  10396  -35.1  -40.2     59   0.42     95     13  345.0  346.7  345.1
  255.0  10865  -38.1  -47.1     38   0.22    108     24  347.3  348.2  347.4
  252.0  10946  -38.9  -47.9     38   0.20    110     26  347.2  348.1  347.3
  250.0  11000  -39.5  -48.5     38   0.19    110     24  347.2  348.0  347.2
  234.0  11445  -43.6  -51.0     44   0.15    105     26  347.6  348.2  347.6
  213.0  12079  -49.5  -54.5     56   0.11    119     26  347.9  348.4  347.9
  205.0  12329  -51.7  -57.3     51   0.08    125     26  348.3  348.7  348.3
  200.0  12490  -53.1  -59.1     48   0.07    115     33  348.5  348.8  348.5
  184.0  13022  -57.5  -63.5     46   0.04    106     34  349.8  350.0  349.8
  179.0  13195  -59.1  -74.1     13   0.01    103     35  349.9  350.0  349.9
  158.0  13961  -65.5  -72.0     39   0.01     90     37  351.9  351.9  351.9
  150.0  14280  -68.1  -71.2     64   0.02     90     42  352.6  352.7  352.6
  144.0  14523  -70.2  -72.5     72   0.01     90     43  353.1  353.2  353.1
  142.0  14606  -70.9  -72.9     75   0.01     89     42  353.3  353.3  353.3
  129.0  15168  -74.7  -80.7     39   0.00     86     34  356.3  356.3  356.3
  127.0  15259  -74.6  -82.6     28   0.00     85     33  358.1  358.1  358.1
  126.0  15305  -74.5  -83.5     24   0.00     88     32  359.0  359.0  359.0
  118.0  15684  -75.5  -86.1     18   0.00    115     25  363.9  363.9  363.9
  113.0  15934  -76.2  -87.8     15   0.00    115     22  367.2  367.2  367.2
  111.0  16037  -76.5  -88.5     14   0.00    116     23  368.5  368.5  368.5
  100.0  16630  -80.7  -89.7     21   0.00    120     31  371.6  371.6  371.6
   91.0  17154  -82.9  -90.3     27   0.00     85     35  377.4  377.4  377.4
   83.3  17646  -84.9  -90.9     34   0.00    110     22  382.9  382.9  382.9
   83.0  17666  -84.8  -90.8     34   0.00    110     22  383.6  383.6  383.6
   79.0  17942  -82.6  -90.1     27   0.00    110     17  393.5  393.5  393.5
   74.0  18307  -79.8  -89.1     21   0.00    155     28  406.8  406.8  406.8
   72.1  18453  -78.7  -88.7     19   0.00    167     23  412.2  412.2  412.2
   70.0  18620  -79.7  -89.7     18   0.00    180     17  413.6  413.6  413.6
   67.0  18865  -81.2  -90.4     21   0.00    195     10  415.4  415.4  415.4
   63.2  19192  -83.3  -91.3     24   0.00    165      6  417.9  417.9  417.9
   62.0  19299  -83.3  -92.1     21   0.00     65      1  420.2  420.2  420.2
   61.7  19326  -83.3  -92.3     20   0.00     61      2  420.8  420.8  420.8
   60.0  19482  -81.4  -91.9     16   0.00     40     10  428.4  428.4  428.4
   59.4  19538  -80.7  -91.7     15   0.00     49     18  431.2  431.2  431.2
   59.0  19577  -79.1  -91.0     13   0.00     55     23  435.6  435.6  435.6
   58.0  19675  -75.1  -89.1     10   0.00     45     25  446.7  446.7  446.7
   57.5  19724  -73.1  -88.1      9   0.00     38     25  452.4  452.4  452.4
   57.0  19775  -73.3  -88.3      9   0.00     30     26  453.1  453.1  453.1
   53.0  20198  -74.9  -89.9      8   0.00     45     21  458.8  458.8  458.8
   52.6  20243  -75.1  -90.1      8   0.00     50     21  459.4  459.4  459.4
   51.0  20424  -71.8  -89.9      5   0.00     70     20  471.2  471.2  471.2
   50.0  20540  -69.7  -89.7      4   0.00    115     26  478.8  478.9  478.8
   49.1  20649  -68.3  -89.3      4   0.00    122     29  484.6  484.6  484.6
   48.0  20784  -68.6  -89.4      4   0.00    130     32  487.1  487.1  487.1
   44.0  21304  -69.7  -89.8      4   0.00    115     31  496.8  496.8  496.8
   43.1  21427  -69.9  -89.9      4   0.00    105     33  499.1  499.1  499.1
   41.0  21725  -69.5  -90.3      3   0.00     80     38  507.2  507.3  507.2
   36.0  22502  -68.5  -91.5      2   0.00     85     58  529.0  529.1  529.0
   32.4  23143  -61.9  -89.9      1   0.00     85     52  562.8  562.8  562.8
   32.0                                        85     51                     

                         Station identifier: SBMN
                             Station number: 82332
                           Observation time: 260204/0000
                           Station latitude: -3.15
                          Station longitude: -59.98
                          Station elevation: 84.0
                            Showalter index: -0.44
                               Lifted index: -0.73
    LIFT computed using virtual temperature: -1.05
                                SWEAT index: 266.39
                                    K index: 31.20
                         Cross totals index: 20.80
                      Vertical totals index: 22.50
                        Totals totals index: 43.30
      Convective Available Potential Energy: 364.52
             CAPE using virtual temperature: 455.36
                      Convective Inhibition: -72.39
             CINS using virtual temperature: -65.55
                           Equilibrum Level: 201.82
 Equilibrum Level using virtual temperature: 201.27
                   Level of Free Convection: 811.98
             LFCT using virtual temperature: 816.06
                     Bulk Richardson Number: 87.04
          Bulk Richardson Number using CAPV: 108.73
  Temp [K] of the Lifted Condensation Level: 292.14
Pres [hPa] of the Lifted Condensation Level: 888.55
   Equivalent potential temp [K] of the LCL: 349.08
     Mean mixed layer potential temperature: 302.19
              Mean mixed layer mixing ratio: 15.85
              1000 hPa to 500 hPa thickness: 5797.00
Precipitable water [mm] for entire sounding: 56.66
