82332 SBMN Manaus (Aeroporto) Observations at 00Z 12 Feb 2026
-----------------------------------------------------------------------------
   PRES   HGHT   TEMP   DWPT   RELH   MIXR   DRCT   SKNT   THTA   THTE   THTV
    hPa     m      C      C      %    g/kg    deg   knot     K      K      K 
-----------------------------------------------------------------------------
 1001.0     84   28.0   23.0     74  18.04     60      4  301.1  354.4  304.3
 1000.0     92   28.0   23.0     74  18.05     50      7  301.1  354.5  304.4
  994.0    146   29.2   22.2     66  17.28     48      7  302.9  354.3  306.0
  947.0    574   25.6   20.7     75  16.54     35     10  303.4  352.7  306.4
  925.0    782   23.8   20.0     79  16.19     35     11  303.6  352.0  306.6
  915.0    877   23.0   19.9     83  16.27     35     12  303.8  352.3  306.7
  890.0   1119   20.9   19.7     93  16.48     60     10  304.0  353.3  307.0
  884.0   1178   20.4   19.6     95  16.53     55     10  304.1  353.5  307.1
  877.0   1247   20.1   18.9     93  15.99     50     11  304.4  352.3  307.3
  850.0   1518   18.8   16.4     86  14.00     55     20  305.8  348.0  308.4
  820.0   1827   17.4   13.1     76  11.68     60     22  307.5  343.1  309.7
  795.0   2088   16.1   11.8     76  11.06     65     23  308.8  342.7  310.9
  712.0   3020   11.3    7.2     76   9.03     55     16  313.5  341.8  315.2
  700.0   3164   10.6    6.5     76   8.75     60     16  314.2  341.8  315.9
  684.0   3355    9.4    6.0     80   8.66     70     16  314.9  342.3  316.6
  644.0   3854    6.2    4.8     91   8.44     60     13  316.8  343.7  318.4
  623.0   4124    5.0    1.9     81   7.11     55     11  318.4  341.3  319.8
  575.0   4777    2.0   -5.0     60   4.61    132      6  322.3  337.7  323.2
  533.0   5385   -2.3   -5.4     79   4.83    205      1  324.2  340.4  325.1
  500.0   5890   -4.7  -11.7     58   3.14    185      9  327.2  338.1  327.9
  494.0   5985   -5.4  -12.4     58   3.00    200     11  327.5  337.9  328.1
  490.0   6049   -5.9  -12.9     58   2.91    197     11  327.7  337.8  328.2
  445.0   6801   -8.7  -20.7     37   1.66    160      7  333.3  339.4  333.6
  400.0   7620  -14.7  -25.7     39   1.19    120      3  335.8  340.3  336.0
  390.0   7811  -16.1  -26.1     42   1.17    119      4  336.4  340.8  336.6
  363.0   8347  -19.5  -34.5     25   0.57    117      6  338.8  341.1  338.9
  335.0   8937  -24.9  -37.9     29   0.44    114      8  339.3  341.1  339.4
  300.0   9730  -30.3  -50.3     12   0.13    110     11  342.6  343.1  342.6
  299.0   9754  -30.5  -50.5     12   0.13    105     12  342.6  343.1  342.6
  277.0  10286  -35.0  -55.0     11   0.08    130     10  343.6  344.0  343.6
  250.0  11000  -41.1  -61.1     10   0.04    120     16  344.8  345.0  344.8
  245.0  11137  -42.3  -64.3      7   0.03    118     15  345.0  345.2  345.0
  237.0  11358  -44.4  -61.5     13   0.04    115     14  345.2  345.4  345.2
  229.0  11588  -46.5  -58.5     24   0.06    122     14  345.4  345.6  345.4
  211.0  12121  -50.7  -66.4     14   0.02    140     14  346.9  347.0  346.9
  200.0  12470  -53.5  -71.5      9   0.01    145     14  347.9  347.9  347.9
  178.0  13207  -60.3  -70.3     26   0.02    130     19  348.5  348.6  348.5
  171.0  13455  -62.3  -77.3     12   0.01    125     21  349.2  349.3  349.2
  160.0  13859  -65.7  -76.5     21   0.01    130     19  350.3  350.3  350.3
  153.0  14131  -67.9  -75.9     31   0.01    116     15  350.9  351.0  350.9
  150.0  14250  -68.5  -79.5     19   0.00    110     13  351.9  351.9  351.9
  147.0  14370  -69.5  -80.2     20   0.00    105     11  352.3  352.3  352.3
  136.0  14832  -73.1  -83.1     21   0.00     91      8  353.8  353.8  353.8
  115.0  15797  -77.5  -85.8     26   0.00     60      1  363.0  363.0  363.0
  101.0  16544  -80.9  -87.9     30   0.00    135     19  370.1  370.1  370.1
  100.0  16600  -81.1  -88.1     30   0.00    135     19  370.8  370.8  370.8
   94.0  16946  -83.8  -89.2     39   0.00    115     23  372.1  372.1  372.1
   92.5  17035  -84.5  -89.5     42   0.00    117     23  372.4  372.4  372.4
   88.0  17311  -85.2  -91.5     32   0.00    125     24  376.4  376.4  376.4
   85.8  17451  -85.5  -92.5     28   0.00    100     23  378.5  378.5  378.5
   83.5  17603  -79.5  -90.5     15   0.00     79     17  393.6  393.7  393.6
   82.0  17706  -78.2  -90.2     13   0.00     65     13  398.3  398.3  398.3
   80.5  17812  -76.9  -89.9     11   0.00     33      8  403.1  403.1  403.1
   79.0  17919  -77.3  -90.2     11   0.00      0      2  404.4  404.4  404.4
   70.4  18578  -80.1  -92.1     12   0.00    152     13  412.0  412.0  412.0
   70.0  18610  -79.7  -91.7     13   0.00    160     14  413.6  413.6  413.6
   69.0  18692  -79.4  -91.7     12   0.00    155     13  415.9  415.9  415.9
   66.0  18945  -78.5  -91.7     10   0.00    115      8  423.2  423.2  423.2
   64.0  19120  -77.9  -91.7      9   0.00    100     14  428.3  428.3  428.3
   63.5  19165  -77.7  -91.7      9   0.00     99     16  429.6  429.6  429.6
   61.9  19312  -74.7  -89.7      8   0.00     97     22  439.4  439.4  439.4
   60.0  19493  -75.9  -90.0      9   0.00     95     30  440.7  440.7  440.7
   59.7  19522  -76.1  -90.1     10   0.00     93     29  440.9  440.9  440.9
   56.2  19871  -75.7  -91.7      7   0.00     67     19  449.4  449.4  449.4
   54.0  20105  -72.5  -90.6      5   0.00     50     12  462.1  462.1  462.1
   52.2  20304  -69.7  -89.7      4   0.00     32     14  473.0  473.0  473.0
   52.0  20327  -69.8  -89.8      4   0.00     30     14  473.2  473.2  473.2
   50.0  20560  -71.3  -90.3      5   0.00     40     19  475.1  475.1  475.1
   48.0  20800  -72.0  -90.7      5   0.00     15     22  478.9  478.9  478.9
   45.0  21179  -73.1  -91.2      5   0.00     55     24  485.1  485.1  485.1
   44.6  21231  -73.3  -91.3      5   0.00     58     25  486.0  486.0  486.0
   39.0  22023  -70.1  -91.7      3   0.00     95     45  513.1  513.1  513.1
   38.4  22114  -69.7  -91.7      3   0.00     95     47  516.3  516.4  516.3
   32.8  23048  -71.7  -92.7      3   0.00     98     63  534.8  534.8  534.8
   30.0  23580  -66.7  -92.7      2   0.00    100     72  562.2  562.3  562.2
   24.0  24964  -56.7  -88.2      1   0.01     90     86  628.4  628.5  628.4
   23.8  25016  -56.3  -88.1      1   0.01     90     86  631.0  631.1  631.0
   23.6  25068  -55.9  -87.9      1   0.01                633.6  633.7  633.6

                         Station identifier: SBMN
                             Station number: 82332
                           Observation time: 260212/0000
                           Station latitude: -3.15
                          Station longitude: -59.98
                          Station elevation: 84.0
                            Showalter index: -0.92
                               Lifted index: -2.87
    LIFT computed using virtual temperature: -3.47
                                SWEAT index: 245.81
                                    K index: 35.80
                         Cross totals index: 21.10
                      Vertical totals index: 23.50
                        Totals totals index: 44.60
      Convective Available Potential Energy: 1334.53
             CAPE using virtual temperature: 1487.13
                      Convective Inhibition: -23.74
             CINS using virtual temperature: -15.32
                           Equilibrum Level: 138.48
 Equilibrum Level using virtual temperature: 138.37
                   Level of Free Convection: 793.83
             LFCT using virtual temperature: 849.42
                     Bulk Richardson Number: 527.46
          Bulk Richardson Number using CAPV: 587.78
  Temp [K] of the Lifted Condensation Level: 293.34
Pres [hPa] of the Lifted Condensation Level: 893.27
   Equivalent potential temp [K] of the LCL: 353.50
     Mean mixed layer potential temperature: 302.98
              Mean mixed layer mixing ratio: 17.01
              1000 hPa to 500 hPa thickness: 5798.00
Precipitable water [mm] for entire sounding: 57.08
