82332 SBMN Manaus (Aeroporto) Observations at 12Z 03 Mar 2026
-----------------------------------------------------------------------------
   PRES   HGHT   TEMP   DWPT   RELH   MIXR   DRCT   SKNT   THTA   THTE   THTV
    hPa     m      C      C      %    g/kg    deg   knot     K      K      K 
-----------------------------------------------------------------------------
 1000.0     84   27.4   21.4     70  16.33     60      6  300.6  348.7  303.5
  949.0    548   25.8   16.8     58  12.84     35     27  303.4  341.9  305.8
  930.0    726   24.5   17.1     63  13.38     30     22  303.9  344.0  306.4
  925.0    774   24.2   17.2     65  13.53     30     22  304.1  344.6  306.5
  865.0   1358   19.8   15.9     79  13.34     20     10  305.3  345.4  307.7
  850.0   1510   18.6   15.6     83  13.29    355     10  305.6  345.7  308.1
  834.0   1673   17.4   15.1     86  13.08    345     11  306.0  345.4  308.4
  809.0   1933   15.4   14.2     93  12.74     18      8  306.6  345.1  308.9
  763.0   2426   12.6   11.6     94  11.36     80      2  308.7  343.4  310.8
  717.0   2950    9.6    8.8     95  10.01     73      3  310.9  341.9  312.8
  701.0   3138   10.8    4.8     66   7.75     70      3  314.3  338.8  315.8
  700.0   3150   10.6    4.6     66   7.65     70      3  314.2  338.4  315.6
  664.0   3590    9.2  -12.8     20   2.16     42      2  317.4  324.8  317.8
  643.0   3856    8.0  -14.0     19   2.02     25      1  319.0  325.9  319.4
  633.0   3985    6.8   -2.2     53   5.17     17      1  319.0  336.0  320.0
  613.0   4244    4.8   -2.9     57   5.06      0      0  319.7  336.4  320.7
  575.0   4761    1.0   -4.4     67   4.83    185     10  321.1  337.1  322.0
  540.0   5267   -2.8   -5.8     80   4.61    165     10  322.3  337.7  323.2
  526.0   5479   -4.4   -6.4     86   4.52    180     14  322.9  338.0  323.7
  522.0   5541   -4.9   -6.6     88   4.50    175     15  323.0  338.1  323.9
  504.0   5817   -5.7  -10.1     71   3.54    150     18  325.3  337.4  326.0
  500.0   5880   -5.9  -10.9     68   3.35    150     18  325.8  337.3  326.4
  486.0   6101   -6.9  -14.9     53   2.49    160     13  327.2  335.9  327.7
  473.0   6312   -6.3  -28.3     16   0.79     95      6  330.5  333.5  330.6
  468.0   6394   -6.7  -32.4     11   0.54     70      3  331.1  333.2  331.2
  456.0   6596   -7.5  -42.5      4   0.20     44      9  332.5  333.3  332.5
  452.0   6664   -7.8  -42.3      4   0.21     35     11  332.9  333.7  332.9
  431.0   7030   -9.6  -41.3      6   0.24     30     21  335.2  336.2  335.3
  418.0   7265  -10.7  -40.7      7   0.26     32     19  336.7  337.8  336.8
  400.0   7600  -13.9  -38.9     10   0.33     35     17  336.8  338.2  336.9
  387.0   7848  -16.0  -39.2     12   0.33     20     14  337.3  338.6  337.3
  368.0   8225  -19.2  -39.8     14   0.33     40     14  337.9  339.2  338.0
  364.0   8307  -19.9  -39.9     15   0.33     50     14  338.0  339.4  338.1
  346.0   8679  -22.9  -35.6     30   0.53     95     14  338.8  340.9  338.9
  339.0   8829  -24.2  -33.9     40   0.65     95     11  339.1  341.7  339.3
  335.0   8916  -24.9  -32.9     47   0.72     97      9  339.3  342.1  339.4
  326.0   9112  -26.1  -36.4     38   0.53    100      5  340.3  342.4  340.4
  306.0   9568  -29.0  -44.4     21   0.24    160     15  342.4  343.5  342.5
  300.0   9710  -29.9  -46.9     18   0.19    160     16  343.1  343.9  343.2
  290.0   9950  -31.5  -50.5     14   0.13    154     19  344.2  344.8  344.2
  277.0  10271  -34.2  -45.8     30   0.23    145     22  344.8  345.8  344.9
  271.0  10425  -35.5  -43.5     44   0.30    152     22  345.1  346.4  345.2
  268.0  10502  -36.0  -45.9     35   0.23    155     22  345.5  346.5  345.6
  262.0  10659  -36.9  -50.9     22   0.14    145     21  346.4  347.0  346.4
  253.0  10898  -39.3  -53.3     21   0.11    130     20  346.3  346.8  346.4
  250.0  10980  -40.1  -54.1     21   0.10    130     21  346.3  346.8  346.3
  215.0  11980  -49.2  -61.1     23   0.05    135     21  347.5  347.7  347.5
  200.0  12460  -53.5  -64.5     25   0.03    120     26  347.9  348.0  347.9
  192.0  12720  -55.2  -67.1     21   0.02    120     28  349.2  349.4  349.2
  174.0  13347  -59.3  -73.3     15   0.01     84     14  352.4  352.5  352.4
  172.0  13418  -60.0  -73.5     15   0.01     80     12  352.5  352.6  352.5
  165.0  13673  -62.4  -74.2     19   0.01     45     10  352.7  352.7  352.7
  150.0  14260  -67.9  -75.9     31   0.01    325      5  352.9  353.0  352.9
  147.0  14378  -68.9  -76.5     32   0.01    260      2  353.3  353.4  353.3
  131.0  15053  -74.3  -80.1     41   0.01    165     11  355.4  355.4  355.4
  127.0  15235  -75.8  -81.0     44   0.00    195     11  355.9  355.9  355.9
  123.0  15422  -77.3  -82.0     47   0.00    147     11  356.4  356.4  356.4
  120.0  15564  -76.4  -82.7     36   0.00    110     11  360.6  360.6  360.6
  117.0  15710  -75.5  -83.5     28   0.00     89     10  364.9  364.9  364.9
  101.0  16545  -82.1  -88.1     36   0.00    330      5  367.8  367.8  367.8
  100.0  16600  -82.7  -88.7     35   0.00    330      5  367.7  367.7  367.7
   91.0  17121  -85.7  -90.9     39   0.00    180     11  371.8  371.9  371.8
   88.1  17299  -86.7  -91.7     41   0.00    180     18  373.2  373.2  373.2
   88.0  17306  -86.7  -91.7     40   0.00    180     18  373.4  373.4  373.4
   86.0  17432  -86.4  -91.7     39   0.00    165     12  376.4  376.4  376.4
   82.0  17693  -85.8  -91.5     36   0.00    225     12  382.8  382.8  382.8
   80.1  17821  -85.5  -91.5     34   0.00    230     11  386.0  386.0  386.0
   80.0  17828  -85.5  -91.6     34   0.00    230     11  386.1  386.1  386.1
   78.0  17967  -86.1  -93.1     28   0.00    144     12  387.7  387.7  387.7
   77.0  18039  -82.7  -91.1     23   0.00    100     13  396.2  396.2  396.2
   75.1  18180  -76.1  -87.1     16   0.00     87     11  412.9  412.9  412.9
   74.0  18266  -75.2  -86.7     15   0.00     80     10  416.6  416.6  416.6
   71.1  18499  -72.7  -85.7     13   0.00    112      9  426.6  426.6  426.6
   70.0  18590  -73.1  -86.1     12   0.00    125      9  427.7  427.7  427.7
   63.9  19121  -74.5  -88.5     10   0.00     69      6  435.9  435.9  435.9
   59.0  19590  -70.6  -87.2      7   0.00     20      4  454.6  454.6  454.6
   58.1  19680  -69.9  -86.9      7   0.00     27      5  458.3  458.3  458.3
   54.0  20114  -70.4  -87.9      6   0.00     60     12  466.8  466.9  466.8
   52.0  20338  -70.6  -88.4      6   0.00     90     18  471.3  471.3  471.3
   50.0  20570  -70.9  -88.9      5   0.00     90     17  476.0  476.0  476.0
   49.0  20689  -71.2  -89.2      5   0.00     90     17  478.1  478.1  478.1
   47.0  20935  -71.8  -89.8      5   0.00    120     21  482.4  482.4  482.4
   44.0  21324  -72.7  -90.7      5   0.00     94     33  489.3  489.3  489.3
   43.0  21461  -71.0  -90.2      4   0.00     85     37  496.8  496.8  496.8
   40.0  21893  -65.5  -88.5      3   0.00    100     44  520.9  520.9  520.9
   39.0  22048  -65.0  -88.5      3   0.00    105     47  525.9  525.9  525.9
   36.0  22539  -63.6  -88.7      2   0.00     90     63  541.8  541.9  541.8
   32.9  23091  -61.9  -88.9      2   0.00     92     61  560.3  560.4  560.4
   30.8  23498  -63.1  -90.1      2   0.00     94     60  567.8  567.8  567.8
   30.0  23660  -62.7  -89.7      2   0.00     95     59  573.1  573.2  573.1
   25.0  24800  -56.6  -88.4      1   0.01    100     66  621.4  621.4  621.4
   24.8  24850  -56.3  -88.3      1   0.01                623.6  623.6  623.6

                         Station identifier: SBMN
                             Station number: 82332
                           Observation time: 260303/1200
                           Station latitude: -3.15
                          Station longitude: -59.98
                          Station elevation: 84.0
                            Showalter index: -1.24
                               Lifted index: -0.90
    LIFT computed using virtual temperature: -1.21
                                SWEAT index: 225.21
                                    K index: 34.10
                         Cross totals index: 21.50
                      Vertical totals index: 24.50
                        Totals totals index: 46.00
      Convective Available Potential Energy: 50.14
             CAPE using virtual temperature: 69.96
                      Convective Inhibition: -106.98
             CINS using virtual temperature: -99.03
                           Equilibrum Level: 481.86
 Equilibrum Level using virtual temperature: 478.12
                   Level of Free Convection: 739.63
             LFCT using virtual temperature: 747.22
                     Bulk Richardson Number: 2.46
          Bulk Richardson Number using CAPV: 3.44
  Temp [K] of the Lifted Condensation Level: 290.32
Pres [hPa] of the Lifted Condensation Level: 870.25
   Equivalent potential temp [K] of the LCL: 344.67
     Mean mixed layer potential temperature: 302.11
              Mean mixed layer mixing ratio: 14.47
              1000 hPa to 500 hPa thickness: 5796.00
Precipitable water [mm] for entire sounding: 49.08
