82332 SBMN Manaus (Aeroporto) Observations at 12Z 09 Feb 2026
-----------------------------------------------------------------------------
   PRES   HGHT   TEMP   DWPT   RELH   MIXR   DRCT   SKNT   THTA   THTE   THTV
    hPa     m      C      C      %    g/kg    deg   knot     K      K      K 
-----------------------------------------------------------------------------
 1005.0     84   26.8   22.2     76  17.09      0      4  299.5  349.7  302.6
 1000.0    125   26.4   21.8     76  16.75      0      4  299.6  348.7  302.6
  977.0    331   26.2   19.2     65  14.55     22      8  301.4  344.4  304.0
  948.0    595   24.6   18.1     67  13.98     50     14  302.3  343.8  304.8
  925.0    811   23.2   17.2     69  13.53     45     14  303.0  343.4  305.5
  915.0    906   22.6   16.6     69  13.16     44     15  303.4  342.6  305.8
  887.0   1176   20.5   16.3     77  13.32     40     17  303.9  343.7  306.3
  850.0   1545   17.6   15.9     90  13.55     40     16  304.6  345.2  307.0
  792.0   2147   13.8   13.0     95  12.02     45     12  306.7  343.2  308.9
  700.0   3182    9.0    6.5     84   8.75     95      3  312.4  339.8  314.1
  671.0   3531    7.0    4.4     84   7.88     91      3  314.0  338.8  315.5
  571.0   4838   -1.5   -1.5    100   6.04     77      3  318.8  338.4  320.0
  566.0   4908   -1.9   -2.0     99   5.87     76      3  319.1  338.3  320.3
  562.0   4964   -0.9   -6.9     64   4.08     75      3  321.0  334.6  321.8
  557.0   5036   -0.3   -8.3     55   3.69     75      3  322.5  335.0  323.2
  500.0   5890   -5.5  -14.5     49   2.50     65      3  326.3  335.0  326.8
  482.0   6177   -7.1  -20.1     35   1.62     14      1  327.7  333.6  328.1
  477.0   6258   -7.6  -19.7     37   1.69      0      0  328.1  334.2  328.4
  437.0   6936  -11.9  -16.3     70   2.46     77      2  331.0  339.7  331.4
  407.0   7479  -14.7  -27.7     32   0.97    140      4  334.1  337.8  334.3
  400.0   7610  -15.7  -23.7     50   1.42    155      4  334.5  339.8  334.8
  393.0   7743  -16.9  -23.9     55   1.42    158      5  334.6  339.9  334.9
  337.0   8881  -23.1  -43.1     14   0.25    185     15  341.2  342.2  341.2
  322.0   9210  -25.8  -45.1     15   0.21    170     15  341.9  342.8  341.9
  310.0   9484  -28.1  -46.7     15   0.19    185     10  342.4  343.2  342.4
  300.0   9720  -30.1  -48.1     16   0.16    180     11  342.8  343.5  342.9
  290.0   9956  -32.1  -49.2     17   0.15    175     10  343.3  344.0  343.4
  279.0  10226  -34.4  -50.4     18   0.14    145     17  343.8  344.4  343.9
  250.0  10990  -40.9  -53.9     23   0.10    145     28  345.1  345.6  345.1
  238.0  11323  -43.7  -52.7     36   0.12    141     28  345.8  346.3  345.8
  231.0  11524  -44.9  -59.9     17   0.05    138     28  346.9  347.2  346.9
  204.0  12342  -52.7  -57.7     55   0.08    127     28  347.2  347.5  347.2
  200.0  12470  -53.7  -60.7     42   0.05    125     28  347.6  347.8  347.6
  199.0  12502  -53.9  -61.1     41   0.05    125     28  347.7  347.9  347.7
  186.0  12931  -57.1  -65.9     32   0.03    110     34  349.4  349.6  349.4
  178.0  13210  -59.1  -69.1     26   0.02    100     32  350.5  350.6  350.5
  168.0  13570  -61.9  -65.3     64   0.03     88     30  351.7  351.8  351.7
  166.0  13643  -62.6  -65.8     65   0.03     85     29  351.8  351.9  351.8
  151.0  14220  -67.9  -69.6     79   0.02     90     30  352.3  352.4  352.3
  150.0  14260  -68.3  -70.1     78   0.02     90     30  352.2  352.3  352.2
  139.0  14708  -72.0  -73.8     77   0.01     95     30  353.4  353.5  353.4
  130.0  15102  -75.3  -77.0     77   0.01     86     22  354.4  354.4  354.4
  129.0  15146  -75.6  -77.4     76   0.01     85     21  354.6  354.7  354.6
  111.0  15993  -81.6  -84.7     59   0.00    115     19  359.0  359.1  359.0
  101.0  16525  -85.3  -89.3     49   0.00    135     30  361.6  361.7  361.6
  100.0  16580  -84.7  -89.1     46   0.00    130     35  363.8  363.9  363.8
   95.3  16845  -84.9  -88.1     57   0.00    112     36  368.5  368.5  368.5
   93.3  16961  -85.1  -89.0     50   0.00    104     37  370.3  370.3  370.3
   90.0  17165  -83.0  -89.0     35   0.00     90     38  378.4  378.4  378.4
   82.0  17691  -77.5  -88.9     15   0.00     85     41  399.9  399.9  399.9
   77.2  18032  -73.9  -88.9      9   0.00     65     26  414.2  414.2  414.2
   76.0  18123  -74.2  -89.2      8   0.00     60     22  415.5  415.5  415.5
   73.0  18357  -74.8  -89.8      8   0.00     75     24  418.9  418.9  418.9
   70.9  18526  -75.3  -90.3      8   0.00     68     30  421.4  421.4  421.4
   70.0  18600  -74.5  -90.5      7   0.00     65     32  424.7  424.7  424.7
   65.1  19024  -71.7  -89.7      5   0.00     89     19  439.7  439.7  439.7
   60.0  19503  -73.1  -90.4      6   0.00    115      5  446.9  447.0  446.9
   57.9  19711  -73.7  -90.7      6   0.00    119     17  450.1  450.2  450.1
   55.4  19971  -69.7  -89.7      4   0.00    124     32  465.0  465.0  465.0
   55.0  20014  -69.9  -89.7      4   0.00    125     34  465.6  465.6  465.6
   52.6  20279  -70.9  -89.9      5   0.00    104     37  469.2  469.2  469.2
   50.0  20580  -69.1  -90.1      3   0.00     80     40  480.2  480.3  480.2
   49.7  20616  -67.7  -89.7      3   0.00     80     40  484.4  484.4  484.4
   43.0  21479  -70.9  -91.0      4   0.00     90     46  497.0  497.0  497.0
   42.6  21535  -71.1  -91.1      4   0.00     86     46  497.8  497.8  497.8
   41.0  21767  -70.0  -91.0      3   0.00     70     44  506.1  506.1  506.1
   37.0  22389  -66.9  -90.5      2   0.00     95     50  529.0  529.0  529.0
   30.0  23660  -60.7  -89.7      1   0.00     90     58  578.6  578.6  578.6
   28.0  24093  -58.8  -88.8      1   0.01     90     59  595.3  595.4  595.3
   26.1  24534  -56.9  -87.9      1   0.01     99     64  612.8  612.9  612.8
   26.0  24558  -56.9  -87.9      1   0.01    100     64  613.4  613.5  613.4
   25.6  24656  -57.1  -87.9      1   0.01    100     64  615.6  615.7  615.6
   24.0  25064  -57.9  -87.9      1   0.01    105     60  624.9  625.0  624.9
   23.9  25090  -57.9  -87.9      1   0.01                625.5  625.6  625.5

                         Station identifier: SBMN
                             Station number: 82332
                           Observation time: 260209/1200
                           Station latitude: -3.15
                          Station longitude: -59.98
                          Station elevation: 84.0
                            Showalter index: -0.67
                               Lifted index: -0.76
    LIFT computed using virtual temperature: -1.23
                                SWEAT index: 225.80
                                    K index: 36.50
                         Cross totals index: 21.40
                      Vertical totals index: 23.10
                        Totals totals index: 44.50
      Convective Available Potential Energy: 160.06
             CAPE using virtual temperature: 230.57
                      Convective Inhibition: -73.42
             CINS using virtual temperature: -63.97
                           Equilibrum Level: 370.72
 Equilibrum Level using virtual temperature: 366.99
                   Level of Free Convection: 795.36
             LFCT using virtual temperature: 801.01
                     Bulk Richardson Number: 187.14
          Bulk Richardson Number using CAPV: 269.58
  Temp [K] of the Lifted Condensation Level: 291.42
Pres [hPa] of the Lifted Condensation Level: 892.82
   Equivalent potential temp [K] of the LCL: 345.38
     Mean mixed layer potential temperature: 301.04
              Mean mixed layer mixing ratio: 15.08
              1000 hPa to 500 hPa thickness: 5765.00
Precipitable water [mm] for entire sounding: 54.26
