82332 SBMN Manaus (Aeroporto) Observations at 12Z 09 Mar 2026
-----------------------------------------------------------------------------
   PRES   HGHT   TEMP   DWPT   RELH   MIXR   DRCT   SKNT   THTA   THTE   THTV
    hPa     m      C      C      %    g/kg    deg   knot     K      K      K 
-----------------------------------------------------------------------------
 1003.0     84   25.6   23.1     86  18.11     60      3  298.5  351.4  301.7
 1000.0    109   25.4   23.1     87  18.17     25      7  298.6  351.6  301.8
  989.0    206   25.0   22.5     86  17.70     40     11  299.1  350.9  302.3
  936.0    691   23.2   19.5     80  15.49     48     19  302.0  347.9  304.8
  925.0    794   22.4   19.1     82  15.29     50     21  302.2  347.6  305.0
  922.0    822   22.2   19.0     82  15.25     50     21  302.3  347.6  305.1
  867.0   1355   18.6   17.3     93  14.58     50     18  303.9  347.4  306.5
  850.0   1526   17.4   16.8     96  14.37     65     18  304.4  347.4  307.0
  840.0   1627   16.8   16.6     99  14.35     70     18  304.8  347.8  307.4
  768.0   2389   13.9   10.7     81  10.61     50     10  309.6  342.2  311.5
  751.0   2580   13.2    9.2     77   9.82     52     11  310.8  341.2  312.6
  700.0   3169    9.2    7.5     89   9.38     60     14  312.6  341.9  314.4
  679.0   3418    7.7    6.3     91   8.89     65     13  313.7  341.6  315.4
  628.0   4056    3.9    3.2     95   7.71     95     10  316.4  341.0  317.9
  580.0   4707    0.0    0.0    100   6.64     62     10  319.1  340.7  320.4
  571.0   4832   -0.3   -0.8     96   6.35     55     10  320.3  341.0  321.5
  537.0   5324   -1.3   -4.1     81   5.29    108      8  324.7  342.4  325.7
  500.0   5890   -5.1   -6.3     91   4.80    170      6  326.8  343.0  327.7
  425.0   7150  -12.1  -15.4     76   2.73    152      4  333.4  343.1  333.9
  400.0   7610  -15.5  -17.4     85   2.45    145      3  334.8  343.6  335.2
  391.0   7780  -16.7  -18.3     87   2.32    180      1  335.3  343.7  335.8
  366.0   8275  -20.3  -21.0     94   1.97    128      8  337.0  344.2  337.4
  358.0   8436  -21.4  -22.6     90   1.75    110     11  337.7  344.2  338.0
  340.0   8813  -23.8  -26.3     80   1.32    135     17  339.4  344.4  339.6
  333.0   8965  -24.8  -27.8     76   1.17    120     17  340.0  344.5  340.3
  316.0   9348  -27.3  -31.6     67   0.87    125     18  341.7  345.1  341.9
  313.0   9417  -27.9  -32.2     67   0.82    126     18  341.8  345.0  341.9
  300.0   9720  -30.3  -33.7     72   0.74    130     18  342.6  345.5  342.7
  282.0  10151  -33.8  -37.2     72   0.56    140     20  343.6  345.9  343.7
  261.0  10690  -38.2  -41.5     71   0.39    115     20  344.8  346.4  344.9
  250.0  10990  -40.7  -43.9     71   0.31    125     25  345.4  346.7  345.5
  241.0  11234  -42.8  -46.0     71   0.26    130     25  345.9  346.9  345.9
  207.0  12247  -51.7  -54.9     68   0.11    130     27  347.3  347.8  347.3
  200.0  12470  -53.5  -57.9     58   0.08    130     28  347.9  348.2  347.9
  182.0  13068  -58.5  -63.5     52   0.04    121     34  349.2  349.4  349.3
  172.0  13418  -61.7  -66.0     56   0.03    115     37  349.6  349.8  349.6
  169.0  13527  -62.7  -66.8     58   0.03    116     37  349.8  349.9  349.8
  150.0  14250  -68.3  -71.8     61   0.02    120     39  352.2  352.3  352.2
  145.0  14452  -70.3  -73.6     62   0.01    120     45  352.2  352.3  352.2
  129.0  15124  -74.8  -78.7     55   0.01    120     42  356.0  356.0  356.0
  113.0  15886  -80.0  -84.4     48   0.00    170     38  360.1  360.1  360.1
  108.0  16146  -81.8  -86.4     46   0.00    165     31  361.5  361.5  361.5
  106.0  16254  -82.5  -87.2     45   0.00    160     27  362.0  362.0  362.0
  101.0  16524  -81.1  -86.1     43   0.00    135     14  369.7  369.8  369.7
  100.0  16580  -81.3  -86.3     43   0.00    135     14  370.4  370.4  370.4
   96.0  16807  -81.9  -86.8     43   0.00    330      1  373.6  373.6  373.6
   90.0  17167  -82.8  -87.6     44   0.00    120      2  378.7  378.7  378.7
   81.4  17726  -84.3  -88.9     45   0.00     77     30  386.7  386.7  386.7
   81.0  17754  -83.8  -88.7     43   0.00     75     31  388.2  388.2  388.2
   77.0  18041  -78.9  -86.7     27   0.00     80     17  404.2  404.2  404.2
   74.1  18258  -75.1  -85.1     20   0.00    123     16  416.6  416.6  416.6
   73.0  18346  -74.6  -85.1     18   0.00    140     15  419.5  419.5  419.5
   70.0  18590  -73.1  -85.1     15   0.00    140     15  427.7  427.7  427.7
   69.0  18675  -72.4  -85.1     13   0.00    130     12  430.8  430.9  430.8
   67.0  18848  -71.1  -85.1     11   0.00     90      5  437.4  437.4  437.4
   64.0  19118  -72.3  -86.3     11   0.00     15     12  440.4  440.5  440.4
   62.2  19286  -73.1  -87.1     10   0.00     30     16  442.4  442.4  442.4
   61.0  19401  -71.6  -86.6      9   0.00     40     18  448.2  448.2  448.2
   58.8  19619  -68.7  -85.7      7   0.00     29     16  459.4  459.4  459.4
   57.0  19803  -69.5  -86.3      7   0.00     20     15  461.7  461.7  461.7
   52.0  20347  -71.9  -88.1      7   0.00     45     19  468.4  468.4  468.4
   51.0  20463  -72.4  -88.5      7   0.00     70     20  469.8  469.9  469.8
   50.0  20580  -72.9  -88.9      7   0.00     90     26  471.3  471.3  471.3
   49.0  20698  -73.2  -89.2      7   0.00     90     26  473.3  473.4  473.3
   47.0  20942  -73.8  -89.8      7   0.00    110     32  477.6  477.6  477.6
   46.0  21067  -74.1  -90.1      7   0.00    105     36  479.8  479.8  479.8
   44.0  21334  -72.6  -89.9      6   0.00     85     42  489.6  489.6  489.6
   33.0  23059  -62.8  -88.5      2   0.00     90     76  557.5  557.5  557.5
   32.7  23114  -62.5  -88.5      2   0.00                559.7  559.8  559.7

                         Station identifier: SBMN
                             Station number: 82332
                           Observation time: 260309/1200
                           Station latitude: -3.15
                          Station longitude: -59.98
                          Station elevation: 84.0
                            Showalter index: -1.09
                               Lifted index: -2.06
    LIFT computed using virtual temperature: -2.28
                                SWEAT index: 243.62
                                    K index: 37.60
                         Cross totals index: 21.90
                      Vertical totals index: 22.50
                        Totals totals index: 44.40
      Convective Available Potential Energy: 740.18
             CAPE using virtual temperature: 816.15
                      Convective Inhibition: -31.81
             CINS using virtual temperature: -25.69
                           Equilibrum Level: 168.59
 Equilibrum Level using virtual temperature: 168.52
                   Level of Free Convection: 858.43
             LFCT using virtual temperature: 864.75
                     Bulk Richardson Number: 325.81
          Bulk Richardson Number using CAPV: 359.25
  Temp [K] of the Lifted Condensation Level: 294.18
Pres [hPa] of the Lifted Condensation Level: 935.38
   Equivalent potential temp [K] of the LCL: 350.03
     Mean mixed layer potential temperature: 299.88
              Mean mixed layer mixing ratio: 17.12
              1000 hPa to 500 hPa thickness: 5781.00
Precipitable water [mm] for entire sounding: 61.82
