82332 SBMN Manaus (Aeroporto) Observations at 12Z 13 Feb 2026
-----------------------------------------------------------------------------
   PRES   HGHT   TEMP   DWPT   RELH   MIXR   DRCT   SKNT   THTA   THTE   THTV
    hPa     m      C      C      %    g/kg    deg   knot     K      K      K 
-----------------------------------------------------------------------------
 1004.0     84   25.0   22.9     88  17.87     80      4  297.8  349.8  301.0
 1000.0    119   24.6   23.0     91  18.05     80      4  297.8  350.3  301.0
  986.0    243   23.6   22.7     95  17.98    105     16  297.9  350.3  301.1
  964.0    441   22.8   21.0     90  16.53     97     24  299.1  347.5  302.0
  958.0    496   23.4   19.7     80  15.34     95     26  300.2  345.4  303.0
  951.0    561   24.2   18.2     69  14.03     93     25  301.6  343.2  304.2
  925.0    804   23.2   18.2     73  14.43     85     22  303.0  346.0  305.6
  896.0   1082   21.8   15.8     69  12.76     73     20  304.4  342.6  306.7
  889.0   1150   21.2   15.7     71  12.81     70     20  304.4  342.9  306.8
  850.0   1538   18.0   15.4     85  13.11     65     21  305.0  344.4  307.4
  791.0   2152   13.4   12.8     96  11.88     79     23  306.4  342.4  308.6
  785.0   2216   13.1   12.5     96  11.72     80     23  306.7  342.2  308.9
  716.0   2987    8.8    8.7     99   9.96    106     13  310.2  340.9  312.1
  705.0   3116    8.8    7.5     92   9.33    110     11  311.6  340.6  313.3
  700.0   3175    8.8    7.0     88   9.06    110     11  312.2  340.5  313.9
  688.0   3318    8.8    2.8     66   6.85     99     10  313.7  335.5  315.0
  628.0   4068    4.0    2.2     88   7.19     39      4  316.6  339.6  317.9
  591.0   4560    2.1   -1.9     75   5.67      0      0  319.9  338.5  321.0
  577.0   4754    1.4   -3.5     70   5.15    338      2  321.3  338.3  322.3
  532.0   5401   -3.5   -4.7     91   5.09    265     10  323.0  339.9  323.9
  523.0   5537   -4.5   -5.0     96   5.07    255     11  323.3  340.2  324.3
  500.0   5890   -6.5   -6.8     98   4.62    230     14  325.1  340.6  326.0
  494.0   5983   -7.0   -7.4     97   4.47    225     16  325.5  340.6  326.4
  486.0   6109   -7.8   -8.2     97   4.26    220     14  326.1  340.6  327.0
  463.0   6483   -9.9  -10.6     95   3.70    265     10  328.0  340.7  328.7
  404.0   7533  -16.1  -17.4     89   2.43     15      1  333.1  341.8  333.6
  400.0   7610  -16.5  -17.9     89   2.35     15      1  333.5  341.9  333.9
  382.0   7955  -18.5  -20.0     88   2.06     40      3  335.2  342.7  335.7
  319.0   9264  -28.2  -31.5     73   0.87    140     13  339.5  342.9  339.7
  300.0   9710  -31.5  -35.4     68   0.63    145     14  340.9  343.4  341.0
  283.0  10119  -34.7  -39.4     62   0.45    155     21  342.0  343.8  342.1
  280.0  10194  -35.3  -40.1     61   0.42    153     22  342.2  343.9  342.3
  256.0  10809  -40.7  -46.7     52   0.22    135     28  343.1  344.0  343.1
  250.0  10970  -42.1  -47.1     58   0.22    130     30  343.3  344.3  343.4
  246.0  11079  -43.3  -47.5     63   0.21    127     31  343.1  344.0  343.2
  235.0  11386  -45.6  -55.1     33   0.09    120     34  344.1  344.5  344.1
  232.0  11472  -46.3  -57.3     28   0.07    120     34  344.4  344.7  344.4
  211.0  12095  -52.3  -64.3     22   0.03    120     35  344.5  344.6  344.5
  200.0  12440  -55.5  -65.5     28   0.03    120     36  344.7  344.9  344.7
  192.0  12695  -57.8  -66.8     31   0.02    120     37  345.0  345.1  345.0
  177.0  13203  -62.5  -69.5     38   0.02    109     41  345.5  345.6  345.5
  166.0  13594  -64.2  -73.5     27   0.01    100     45  349.0  349.1  349.0
  150.0  14210  -66.9  -79.9     14   0.00     95     24  354.6  354.7  354.6
  149.0  14250  -67.1  -79.1     17   0.01     95     24  355.0  355.0  355.0
  144.0  14449  -68.5  -79.9     18   0.00     80     15  356.0  356.0  356.0
  136.0  14781  -70.9  -81.3     20   0.00     15      7  357.6  357.6  357.6
  130.0  15043  -72.8  -82.5     22   0.00    310     14  358.9  358.9  358.9
  127.0  15179  -73.8  -83.0     23   0.00    295     16  359.5  359.6  359.5
  122.0  15412  -75.4  -84.0     25   0.00    295     13  360.6  360.6  360.6
  110.0  16014  -79.8  -86.6     32   0.00    240     10  363.4  363.4  363.4
  105.0  16284  -81.7  -87.7     36   0.00    125      3  364.5  364.5  364.5
  101.0  16503  -78.7  -87.7     22   0.00     95     26  374.4  374.4  374.4
  100.0  16560  -77.9  -87.9     19   0.00     95     26  377.0  377.0  377.0
   96.4  16771  -74.3  -88.3     10   0.00     79     26  388.0  388.0  388.0
   89.0  17225  -76.7  -89.4     12   0.00     45     26  392.2  392.2  392.2
   82.0  17692  -79.1  -90.5     14   0.00     70     23  396.5  396.5  396.5
   75.2  18184  -81.7  -91.7     17   0.00    120     17  401.0  401.0  401.0
   75.0  18199  -81.6  -91.7     17   0.00    120     17  401.5  401.6  401.5
   72.2  18413  -79.9  -91.9     12   0.00     96     21  409.5  409.5  409.5
   71.0  18509  -76.3  -91.6      8   0.00     85     23  419.1  419.1  419.1
   70.0  18590  -73.3  -91.3      5   0.00     75     21  427.2  427.2  427.2
   69.2  18658  -71.1  -90.1      5   0.00     39     18  433.4  433.4  433.4
   68.0  18761  -70.2  -90.5      4   0.00    345     14  437.5  437.6  437.5
   67.4  18814  -69.7  -90.7      3   0.00    342     14  439.7  439.7  439.7
   62.0  19303  -71.6  -90.7      4   0.00    310     18  446.1  446.1  446.1
   60.0  19495  -72.3  -90.7      5   0.00    270     17  448.6  448.7  448.6
   59.0  19593  -72.7  -90.7      5   0.00    260     17  449.9  450.0  449.9
   55.0  20005  -74.3  -90.7      7   0.00    290     11  455.4  455.4  455.4
   52.0  20333  -75.6  -90.7      8   0.00    110      1  459.8  459.9  459.8
   51.7  20367  -75.7  -90.7      8   0.00    113      4  460.3  460.3  460.3
   51.0  20446  -75.7  -90.7      8   0.00    120     11  462.1  462.1  462.1
   50.0  20560  -75.7  -90.7      8   0.00    115     17  464.7  464.7  464.7
   46.0  21054  -74.0  -91.0      6   0.00    110     36  480.0  480.0  480.0
   36.0  22507  -69.0  -92.0      2   0.00     90     75  527.7  527.8  527.7
   30.6  23469  -65.7  -92.7      1   0.00     81     83  561.8  561.8  561.8
   30.0  23590  -64.7  -92.7      1   0.00     80     84  567.7  567.7  567.7
   28.1  23992  -63.1  -92.1      1   0.00     82     85  582.8  582.9  582.8
   27.2  24194  -58.1  -92.1      1   0.00     83     85  602.3  602.3  602.3
   26.0  24482  -56.1  -90.6      1   0.00     85     86  615.6  615.7  615.6
   25.7  24555  -55.6  -90.3      1   0.00     85     86  619.1  619.2  619.1
   24.8  24782  -54.1  -89.1      1   0.01     87     69  629.9  630.0  629.9
   22.8  25333  -45.5  -84.5      0   0.01     93     27  670.5  670.7  670.5
   22.0  25572  -44.7  -84.3      0   0.02     95     10  679.8  679.9  679.8
   21.4  25758  -44.1  -84.1      0   0.02    157      6  687.0  687.2  687.0
   21.0  25884  -44.7  -84.1      0   0.02    200      3  689.0  689.2  689.0
   20.0  26210  -46.1  -84.1      1   0.02    240     19  694.3  694.5  694.3
   18.1  26868  -49.5  -85.5      1   0.01    212     24  703.7  703.8  703.7
   18.0                                       210     24                     

                         Station identifier: SBMN
                             Station number: 82332
                           Observation time: 260213/1200
                           Station latitude: -3.15
                          Station longitude: -59.98
                          Station elevation: 84.0
                            Showalter index: -1.36
                               Lifted index: -2.74
    LIFT computed using virtual temperature: -2.95
                                SWEAT index: 240.80
                                    K index: 38.10
                         Cross totals index: 21.90
                      Vertical totals index: 24.50
                        Totals totals index: 46.40
      Convective Available Potential Energy: 841.41
             CAPE using virtual temperature: 915.81
                      Convective Inhibition: -79.50
             CINS using virtual temperature: -64.63
                           Equilibrum Level: 169.57
 Equilibrum Level using virtual temperature: 169.52
                   Level of Free Convection: 824.23
             LFCT using virtual temperature: 832.19
                     Bulk Richardson Number: 110.13
          Bulk Richardson Number using CAPV: 119.87
  Temp [K] of the Lifted Condensation Level: 294.12
Pres [hPa] of the Lifted Condensation Level: 945.65
   Equivalent potential temp [K] of the LCL: 348.05
     Mean mixed layer potential temperature: 298.87
              Mean mixed layer mixing ratio: 16.88
              1000 hPa to 500 hPa thickness: 5771.00
Precipitable water [mm] for entire sounding: 58.15
