82332 SBMN Manaus (Aeroporto) Observations at 00Z 14 Mar 2026
-----------------------------------------------------------------------------
   PRES   HGHT   TEMP   DWPT   RELH   MIXR   DRCT   SKNT   THTA   THTE   THTV
    hPa     m      C      C      %    g/kg    deg   knot     K      K      K 
-----------------------------------------------------------------------------
 1000.0     84   26.0   21.9     78  16.85     70      4  299.1  348.5  302.2
  994.0    137   26.8   22.1     75  17.17     72      5  300.5  351.1  303.6
  946.0    572   23.4   20.1     82  15.97     85     10  301.3  348.5  304.2
  940.0    628   23.0   19.9     83  15.82     74     11  301.4  348.2  304.3
  925.0    769   23.6   17.6     69  13.88     45     14  303.4  344.9  306.0
  920.0    816   23.7   16.7     65  13.14     45     14  304.0  343.4  306.4
  906.0    951   24.0   14.0     54  11.21     40     15  305.6  339.6  307.7
  850.0   1506   20.2   14.2     68  12.12     55      3  307.3  344.1  309.5
  734.0   2753   12.9    7.7     70   9.06    105      1  312.5  340.9  314.2
  700.0   3156   10.6    5.6     71   8.21     70      9  314.2  340.1  315.8
  698.0   3180   10.4    5.5     71   8.18     65     11  314.3  340.1  315.8
  642.0   3873    6.2    2.9     79   7.40     37     11  317.1  340.8  318.5
  615.0   4225    5.8   -2.2     56   5.32     23     11  320.5  338.0  321.6
  609.0   4304    5.3   -2.7     56   5.19     20     11  320.9  338.0  321.9
  580.0   4698    3.0   -5.0     56   4.55     30     13  322.6  337.8  323.5
  555.0   5054    0.8   -7.2     55   4.04    355     14  324.1  337.8  324.9
  525.0   5503   -1.9   -9.9     54   3.45    355     19  326.1  337.9  326.8
  520.0   5579   -2.3   -9.9     56   3.47    355     20  326.4  338.4  327.1
  500.0   5890   -4.1  -10.1     63   3.57     15     13  328.0  340.3  328.7
  488.0   6081   -5.7  -10.7     68   3.49     24     12  328.3  340.4  329.0
  475.0   6291   -6.7  -11.9     67   3.26     35     10  329.6  340.9  330.2
  424.0   7175  -10.9  -16.9     61   2.41      8      2  335.1  343.8  335.6
  409.0   7450  -13.1  -18.4     64   2.20      0      0  335.7  343.7  336.1
  400.0   7620  -14.5  -19.4     66   2.07    140      2  336.1  343.6  336.5
  389.0   7830  -16.1  -20.2     71   1.99    141      2  336.6  343.9  337.1
  334.0   8958  -24.1  -30.1     58   0.94    146      5  340.7  344.4  340.9
  300.0   9730  -30.3  -34.6     66   0.68    150      7  342.6  345.3  342.7
  297.0   9802  -30.9  -35.9     61   0.60    145      7  342.7  345.1  342.8
  277.0  10291  -35.2  -38.8     70   0.49    110     10  343.3  345.3  343.4
  268.0  10523  -37.3  -40.1     75   0.44    110     12  343.6  345.4  343.7
  265.0  10600  -37.9  -43.9     53   0.29    110     12  343.8  345.0  343.9
  250.0  11000  -41.1  -45.4     63   0.27     60     10  344.8  345.9  344.9
  248.0  11055  -41.6  -45.6     65   0.26     60     10  344.9  346.0  345.0
  245.0  11137  -42.3  -45.9     68   0.26     58     10  345.0  346.1  345.1
  239.0  11305  -43.5  -50.5     46   0.16     55      9  345.7  346.4  345.7
  220.0  11856  -48.5  -51.8     69   0.15     45      7  346.2  346.9  346.3
  215.0  12009  -49.9  -52.1     77   0.14     54      9  346.4  347.0  346.4
  212.0  12101  -50.6  -56.6     48   0.08     60     10  346.7  347.1  346.7
  206.0  12288  -51.9  -65.9     17   0.03     84     14  347.5  347.6  347.5
  201.0  12448  -53.1  -63.7     26   0.04    105     18  348.1  348.2  348.1
  200.0  12480  -53.3  -63.3     29   0.04    110     21  348.2  348.4  348.2
  186.0  12942  -57.2  -62.1     54   0.05    130     23  349.2  349.4  349.2
  183.0  13045  -58.1  -61.8     62   0.05    130     25  349.4  349.6  349.4
  168.0  13579  -62.3  -71.3     29   0.02    127     35  351.0  351.1  351.0
  159.0  13916  -64.9  -71.9     37   0.01    125     42  352.2  352.2  352.2
  157.0  13993  -65.2  -75.0     25   0.01    125     43  352.9  352.9  352.9
  152.0  14190  -66.1  -83.1      8   0.00    114     42  354.7  354.7  354.7
  150.0  14270  -67.1  -82.1     10   0.00    110     41  354.3  354.3  354.3
  142.0  14593  -69.0  -83.3     11   0.00    115     42  356.6  356.6  356.6
  138.0  14761  -70.0  -83.9     11   0.00    105     40  357.8  357.8  357.8
  129.0  15159  -72.2  -85.4     12   0.00     75     25  360.6  360.7  360.6
  120.0  15585  -74.7  -86.9     14   0.00     80     13  363.6  363.7  363.6
  118.0  15684  -75.3  -87.3     14   0.00    100     11  364.3  364.4  364.4
  110.0  16081  -78.7  -87.2     24   0.00    185      2  365.3  365.3  365.3
  101.0  16565  -82.9  -87.1     49   0.00    190     12  366.3  366.3  366.3
  100.0  16620  -83.3  -87.5     49   0.00    190     12  366.5  366.6  366.5
   83.0  17644  -87.7  -91.6     50   0.00    100     23  377.6  377.6  377.6
   80.3  17826  -88.5  -92.3     50   0.00     85     21  379.6  379.6  379.6
   80.0  17847  -88.3  -92.3     48   0.00     85     21  380.4  380.4  380.4
   78.0  17986  -86.8  -92.4     36   0.00     55     18  386.3  386.4  386.3
   76.0  18129  -85.2  -92.5     27   0.00     45     13  392.5  392.5  392.5
   73.0  18351  -82.8  -92.7     17   0.00     65     19  402.1  402.1  402.1
   72.9  18359  -82.7  -92.7     17   0.00     66     19  402.4  402.5  402.4
   70.0  18590  -75.5  -89.5     10   0.00     95     21  422.5  422.6  422.5
   67.0  18841  -77.2  -91.2      9   0.00    110     25  424.3  424.3  424.3
   64.0  19103  -78.9  -92.9      9   0.00    100     29  426.0  426.1  426.0
   62.4  19249  -74.3  -91.3      6   0.00     96     22  439.3  439.3  439.3
   62.0  19287  -74.0  -91.3      6   0.00     95     20  440.8  440.9  440.8
   61.0  19382  -73.1  -91.2      5   0.00     65     15  444.8  444.8  444.8
   60.0  19480  -72.3  -91.0      5   0.00     50     15  448.8  448.8  448.8
   58.0  19679  -70.5  -90.8      4   0.00     45     18  457.1  457.1  457.1
   57.1  19771  -69.7  -90.7      3   0.00     38     18  461.0  461.0  461.0
   56.0  19887  -69.8  -90.6      3   0.00     30     19  463.4  463.4  463.4
   52.0  20327  -70.1  -90.2      4   0.00     60     13  472.6  472.7  472.6
   51.5  20384  -70.1  -90.1      4   0.00     67     13  473.9  473.9  473.9
   51.0  20442  -70.0  -90.0      4   0.00     75     13  475.5  475.5  475.5
   50.0  20560  -69.7  -89.7      4   0.00     85     19  478.8  478.9  478.8
   40.9  21772  -64.5  -89.5      2   0.00     85     44  520.1  520.1  520.1
   40.0  21907  -64.7  -89.7      2   0.00     85     47  522.9  523.0  523.0
   39.9  21923  -64.7  -89.7      2   0.00                523.3  523.3  523.3

                         Station identifier: SBMN
                             Station number: 82332
                           Observation time: 260314/0000
                           Station latitude: -3.15
                          Station longitude: -59.98
                          Station elevation: 84.0
                            Showalter index: 1.14
                               Lifted index: -0.93
    LIFT computed using virtual temperature: -1.34
                                SWEAT index: 189.38
                                    K index: 33.50
                         Cross totals index: 18.30
                      Vertical totals index: 24.30
                        Totals totals index: 42.60
      Convective Available Potential Energy: 412.99
             CAPE using virtual temperature: 498.52
                      Convective Inhibition: -171.66
             CINS using virtual temperature: -123.98
                           Equilibrum Level: 184.34
 Equilibrum Level using virtual temperature: 184.19
                   Level of Free Convection: 688.26
             LFCT using virtual temperature: 720.19
                     Bulk Richardson Number: 97.07
          Bulk Richardson Number using CAPV: 117.18
  Temp [K] of the Lifted Condensation Level: 293.39
Pres [hPa] of the Lifted Condensation Level: 916.77
   Equivalent potential temp [K] of the LCL: 349.66
     Mean mixed layer potential temperature: 300.79
              Mean mixed layer mixing ratio: 16.61
              1000 hPa to 500 hPa thickness: 5806.00
Precipitable water [mm] for entire sounding: 52.82
