82332 SBMN Manaus (Aeroporto) Observations at 00Z 31 Jan 2026
-----------------------------------------------------------------------------
   PRES   HGHT   TEMP   DWPT   RELH   MIXR   DRCT   SKNT   THTA   THTE   THTV
    hPa     m      C      C      %    g/kg    deg   knot     K      K      K 
-----------------------------------------------------------------------------
 1000.0     75                                                               
  999.0     84   28.4   23.4     74  18.53     30      2  301.6  356.5  305.0
  993.0    138   29.0   23.0     70  18.18     40      3  302.8  356.9  306.0
  967.0    374   27.4   21.9     72  17.46     85     10  303.5  355.6  306.6
  925.0    769   24.8   20.1     75  16.29     65     13  304.7  353.5  307.6
  919.0    826   24.4   19.9     76  16.15     65     13  304.8  353.2  307.7
  870.0   1305   20.6   17.8     84  14.97     69     19  305.7  350.8  308.4
  850.0   1507   20.0   15.4     75  13.11     70     21  307.1  346.9  309.5
  808.0   1941   17.2   13.4     78  12.11     80     22  308.6  345.6  310.8
  754.0   2532   13.4   10.7     84  10.83     72     21  310.6  344.1  312.6
  726.0   2852   13.0    5.0     58   7.59     68     20  313.6  337.5  315.0
  704.0   3110   11.5    4.3     61   7.46     65     19  314.6  338.3  316.1
  700.0   3158   11.2    4.2     62   7.44     65     19  314.9  338.5  316.3
  666.0   3569    9.0    2.3     63   6.83     75     13  316.9  338.8  318.2
  619.0   4174    5.7   -0.5     64   6.00     55     14  319.9  339.4  321.0
  598.0   4459    4.2   -1.8     65   5.64     62     12  321.2  339.8  322.3
  576.0   4764    2.2    0.4     88   6.89     69     11  322.4  344.9  323.7
  566.0   4906    2.0   -5.0     60   4.69     72     10  323.7  339.4  324.7
  542.0   5254    0.6   -7.8     53   3.94     80      8  326.1  339.5  326.9
  529.0   5449   -0.2   -9.4     50   3.57     75     10  327.4  339.7  328.1
  515.0   5665   -1.1  -11.1     47   3.20     64     10  328.8  340.0  329.5
  511.0   5727   -1.5  -10.5     50   3.38     61     10  329.1  340.9  329.8
  503.0   5852   -2.5  -10.8     53   3.36     55     10  329.3  341.0  330.0
  500.0   5900   -2.9  -10.9     54   3.35     55     10  329.4  341.1  330.1
  490.0   6058   -4.0  -11.5     56   3.24     80     10  330.0  341.3  330.6
  445.0   6812   -9.4  -14.6     66   2.78     75     13  332.4  342.3  333.0
  441.0   6882   -9.9  -14.9     67   2.74     70     13  332.6  342.4  333.2
  426.0   7148  -11.2  -17.0     63   2.39     50     15  334.2  342.8  334.7
  400.0   7630  -13.7  -20.7     56   1.85     70     18  337.1  343.9  337.5
  392.0   7784  -14.5  -31.5     22   0.70     76     17  338.0  340.8  338.1
  370.0   8217  -18.4  -30.1     35   0.85     95     16  338.4  341.7  338.6
  363.0   8361  -19.7  -29.7     41   0.90     88     16  338.6  342.1  338.7
  356.0   8505  -20.7  -31.7     37   0.76     80     15  339.1  342.1  339.3
  326.0   9151  -24.9  -44.9     14   0.22    128     14  342.0  342.9  342.0
  316.0   9377  -26.7  -45.7     15   0.20    145     13  342.5  343.4  342.6
  313.0   9446  -27.3  -43.9     19   0.25    150     13  342.6  343.7  342.7
  300.0   9750  -29.9  -35.9     56   0.60    145     11  343.1  345.5  343.2
  297.0   9821  -30.1  -40.1     37   0.39    145     12  343.8  345.4  343.9
  279.0  10262  -33.3  -47.3     23   0.19    148     15  345.4  346.2  345.4
  270.0  10490  -34.9  -49.9     20   0.15    150     17  346.3  347.0  346.4
  268.0  10541  -35.3  -50.5     20   0.14    150     17  346.4  347.1  346.5
  251.0  10993  -39.1  -56.1     15   0.08    136     15  347.4  347.8  347.4
  250.0  11020  -39.5  -56.5     15   0.07    135     15  347.2  347.5  347.2
  249.0  11047  -39.7  -56.5     15   0.07    135     15  347.2  347.6  347.3
  235.0  11439  -43.1  -56.1     23   0.08    167     10  347.9  348.3  348.0
  232.0  11525  -43.9  -49.9     51   0.17    174      9  348.0  348.8  348.1
  227.0  11670  -45.3  -55.3     32   0.09    187      7  348.1  348.5  348.1
  224.0  11759  -46.1  -49.1     71   0.20    194      6  348.1  349.0  348.2
  216.0  11999  -48.1  -54.1     50   0.11    214      3  348.7  349.2  348.7
  213.0  12090  -48.7  -50.0     86   0.19    222      2  349.1  350.0  349.2
  210.0  12183  -49.5  -50.5     90   0.18    230      1  349.3  350.0  349.3
  208.0  12246  -50.1  -50.8     92   0.17    228      2  349.3  350.1  349.4
  200.0  12500  -51.9  -56.6     57   0.09    220      5  350.4  350.8  350.4
  192.0  12763  -53.9  -63.9     28   0.04    236     10  351.3  351.5  351.3
  185.0  13001  -55.7  -59.4     63   0.07    250     15  352.2  352.5  352.2
  167.0  13644  -61.9  -66.8     52   0.03    235     12  352.3  352.4  352.3
  162.0  13830  -63.4  -67.8     55   0.03    230     11  352.9  353.0  352.9
  154.0  14139  -65.8  -69.5     60   0.02    255     12  353.8  353.9  353.8
  150.0  14300  -67.1  -70.4     63   0.02    250     12  354.3  354.4  354.3
  147.0  14421  -68.3  -71.2     66   0.02    249     13  354.3  354.4  354.3
  139.0  14754  -71.3  -76.3     47   0.01    246     14  354.7  354.8  354.7
  136.0  14880  -72.1  -77.2     46   0.01    245     15  355.5  355.6  355.5
  123.0  15460  -75.7  -81.2     42   0.00    210     14  359.3  359.3  359.3
  115.0  15849  -78.2  -83.9     39   0.00    230     16  361.7  361.8  361.7
  109.0  16158  -80.1  -86.1     37   0.00    210     28  363.7  363.7  363.7
  101.0  16585  -83.5  -88.3     44   0.00    210     40  365.1  365.1  365.1
  100.0  16640  -83.9  -88.6     44   0.00    210     40  365.4  365.4  365.4
   95.0  16923  -84.2  -88.8     44   0.00    205     37  370.2  370.2  370.2
   82.0  17736  -85.0  -89.5     45   0.00    115     21  384.5  384.5  384.5
   80.2  17858  -85.1  -89.6     45   0.00    115     18  386.7  386.7  386.7
   77.0  18081  -86.6  -90.9     46   0.00    115     12  388.1  388.1  388.1
   74.0  18297  -88.1  -92.2     48   0.00    120     14  389.4  389.4  389.4
   73.2  18357  -88.5  -92.5     48   0.00    117     17  389.7  389.8  389.7
   71.3  18500  -84.1  -90.1     35   0.00    111     26  402.0  402.1  402.0
   71.0                                       110     27                     

                         Station identifier: SBMN
                             Station number: 82332
                           Observation time: 260131/0000
                           Station latitude: -3.15
                          Station longitude: -59.98
                          Station elevation: 84.0
                            Showalter index: 1.31
                               Lifted index: -1.80
    LIFT computed using virtual temperature: -2.42
                                SWEAT index: 236.80
                                    K index: 31.30
                         Cross totals index: 18.30
                      Vertical totals index: 22.90
                        Totals totals index: 41.20
      Convective Available Potential Energy: 1250.00
             CAPE using virtual temperature: 1421.06
                      Convective Inhibition: -47.24
             CINS using virtual temperature: -31.05
                           Equilibrum Level: 135.80
 Equilibrum Level using virtual temperature: 135.76
                   Level of Free Convection: 805.55
             LFCT using virtual temperature: 830.03
                     Bulk Richardson Number: 185.71
          Bulk Richardson Number using CAPV: 211.13
  Temp [K] of the Lifted Condensation Level: 293.94
Pres [hPa] of the Lifted Condensation Level: 896.33
   Equivalent potential temp [K] of the LCL: 355.68
     Mean mixed layer potential temperature: 303.29
              Mean mixed layer mixing ratio: 17.60
              1000 hPa to 500 hPa thickness: 5825.00
Precipitable water [mm] for entire sounding: 56.01
