82332 SBMN Manaus (Aeroporto) Observations at 00Z 13 Jan 2026
-----------------------------------------------------------------------------
   PRES   HGHT   TEMP   DWPT   RELH   MIXR   DRCT   SKNT   THTA   THTE   THTV
    hPa     m      C      C      %    g/kg    deg   knot     K      K      K 
-----------------------------------------------------------------------------
 1004.0     84   25.0   23.3     90  18.32     20      2  297.8  351.2  301.1
 1000.0    122   25.2   23.2     89  18.28     50      5  298.4  351.7  301.6
  979.0    309   25.8   22.2     81  17.55     50      9  300.8  352.5  303.9
  925.0    808   22.8   18.1     75  14.34     50     19  302.6  345.3  305.2
  902.0   1027   21.0   18.2     84  14.80     61     19  302.9  347.0  305.6
  874.0   1300   19.6   16.6     83  13.79     75     20  304.2  345.6  306.8
  850.0   1541   18.4   15.2     82  12.94     75     22  305.4  344.4  307.8
  801.0   2048   16.1   11.0     72  10.41     85     26  308.1  340.0  310.1
  776.0   2319   14.8    8.8     67   9.24     79     24  309.6  338.1  311.3
  700.0   3185    9.2    5.7     79   8.27     60     18  312.6  338.6  314.2
  696.0   3232    8.9    5.6     79   8.25     60     18  312.9  338.7  314.4
  657.0   3709    6.2    4.3     88   7.99     73     13  315.0  340.3  316.5
  651.0   3785    6.0    3.8     86   7.78     75     12  315.6  340.3  317.0
  619.0   4198    4.8    1.0     76   6.69     57     12  318.8  340.4  320.1
  598.0   4476    3.0    0.1     81   6.49     45     12  319.9  341.0  321.1
  578.0   4751    1.2   -0.8     87   6.30     50     11  320.9  341.5  322.1
  536.0   5359   -2.7   -2.7    100   5.89     53      7  323.2  342.7  324.4
  527.0   5494   -2.3   -5.1     81   5.00     53      6  325.2  342.0  326.2
  500.0   5910   -5.5   -6.7     91   4.66     55      3  326.3  342.0  327.2
  493.0   6020   -6.0   -7.6     89   4.42    100      1  326.9  342.0  327.8
  462.0   6527   -8.5  -11.5     79   3.45    140      5  330.0  342.0  330.7
  429.0   7097  -12.8  -13.9     92   3.07    185     10  331.6  342.4  332.2
  418.0   7296  -14.3  -14.7     97   2.94    183     10  332.1  342.5  332.7
  414.0   7369  -13.9  -15.5     88   2.78    182     11  333.5  343.4  334.1
  410.0   7443  -14.1  -18.3     70   2.22    182     11  334.2  342.2  334.7
  400.0   7630  -15.1  -18.3     77   2.27    180     11  335.3  343.5  335.7
  366.0   8297  -18.5  -24.5     59   1.44    173     15  339.4  344.8  339.7
  336.0   8930  -22.9  -30.9     48   0.87    166     18  341.8  345.1  341.9
  314.0   9421  -26.6  -31.8     62   0.85    160     21  343.2  346.6  343.4
  307.0   9585  -27.9  -32.1     67   0.85    165     22  343.7  347.0  343.9
  300.0   9750  -29.1  -39.1     37   0.43    170     23  344.2  346.0  344.3
  286.0  10088  -32.1  -38.1     55   0.50    162     23  344.7  346.7  344.8
  283.0  10162  -32.9  -43.9     33   0.28    160     23  344.6  345.8  344.6
  280.0  10237  -33.7  -49.7     18   0.15    163     23  344.5  345.1  344.5
  276.0  10338  -34.3  -44.3     36   0.27    167     24  345.0  346.2  345.1
  273.0  10414  -34.7  -56.7      9   0.07    171     24  345.5  345.8  345.6
  260.0  10750  -37.4  -57.0     11   0.07    185     25  346.5  346.8  346.5
  251.0  10993  -39.3  -57.3     13   0.07    189     27  347.1  347.4  347.1
  250.0  11020  -39.5  -54.5     19   0.09    190     27  347.2  347.6  347.2
  247.0  11103  -39.9  -48.9     38   0.18    191     27  347.8  348.6  347.8
  244.0  11186  -40.7  -46.7     52   0.24    192     27  347.8  348.8  347.9
  238.0  11356  -42.1  -52.1     33   0.13    194     27  348.2  348.8  348.2
  235.0  11441  -42.9  -47.0     64   0.24    196     28  348.2  349.3  348.3
  232.0  11528  -43.5  -55.5     25   0.09    197     28  348.6  349.0  348.6
  226.0  11704  -45.1  -53.1     40   0.12    199     28  348.8  349.3  348.8
  220.0  11884  -46.5  -61.5     17   0.04    201     28  349.3  349.5  349.3
  215.0  12036  -47.9  -51.2     69   0.16    204     28  349.5  350.2  349.5
  212.0  12129  -48.5  -56.5     39   0.09    205     28  349.9  350.3  349.9
  202.0  12445  -51.5  -62.5     26   0.04    209     29  350.1  350.3  350.1
  200.0  12510  -51.9  -58.9     43   0.07    210     29  350.4  350.7  350.4
  199.0  12542  -52.1  -58.1     48   0.08    211     29  350.6  350.9  350.6
  194.0  12706  -53.7  -61.7     37   0.05    214     31  350.6  350.8  350.6
  187.0  12941  -55.9  -60.2     58   0.06    219     33  350.8  351.0  350.8
  173.0  13432  -59.3  -73.3     15   0.01    230     38  353.0  353.1  353.0
  150.0  14310  -66.5  -77.5     20   0.01    250     46  355.3  355.4  355.3
  130.0  15152  -73.9  -80.2     38   0.01    265     45  357.0  357.0  357.0
  123.0  15478  -76.7  -81.2     49   0.00    259     43  357.5  357.5  357.5
  100.0  16640  -84.9  -89.7     43   0.00    235     37  363.4  363.5  363.4
   93.4  17016  -86.7  -90.9     47   0.00    215     29  367.1  367.1  367.1
   92.0  17098  -86.8  -91.1     46   0.00    200     24  368.6  368.6  368.6
   89.0  17280  -86.9  -91.6     43   0.00    175     16  371.8  371.8  371.8
   88.2  17329  -86.9  -91.7     42   0.00    163     14  372.7  372.7  372.7
   88.0  17342  -86.6  -91.6     41   0.00    160     14  373.5  373.5  373.5
   86.0  17469  -84.0  -90.2     33   0.00    105     16  381.3  381.3  381.3
   84.9  17540  -82.5  -89.5     30   0.00    105     17  385.7  385.7  385.7
   79.0  17946  -80.4  -89.2     23   0.00    105     20  398.0  398.0  398.0
   78.1  18011  -80.1  -89.1     22   0.00     98     20  400.0  400.0  400.0
   75.0  18240  -80.5  -89.8     20   0.00     75     21  403.9  403.9  403.9
   70.0  18630  -81.1  -91.1     18   0.00     70     24  410.6  410.6  410.6
   69.0  18712  -80.6  -91.0     17   0.00     70     26  413.3  413.3  413.3
   66.0  18967  -79.1  -90.5     14   0.00    100     34  422.0  422.0  422.0
   63.0  19234  -77.5  -90.1     12   0.00     65     15  431.2  431.2  431.2
   60.0  19514  -75.8  -89.6     10   0.00      0      0  441.0  441.0  441.0
   57.2  19788  -74.1  -89.1      8   0.00     42      4  450.8  450.8  450.8
   52.0  20342  -75.1  -89.4      9   0.00    125     12  460.8  460.9  460.8
   50.3  20535  -75.5  -89.5     10   0.00    112     21  464.4  464.4  464.4
   50.0  20570  -75.3  -90.3      8   0.00    110     23  465.6  465.7  465.6
   47.0  20933  -70.9  -90.1      4   0.00     90     31  484.6  484.6  484.6
   46.5  20996  -70.1  -90.1      4   0.00     92     32  487.9  487.9  487.9
   44.0  21323  -70.8  -90.8      4   0.00    105     39  493.9  493.9  493.9
   42.0  21599  -71.5  -91.5      4   0.00     95     44  498.9  498.9  498.9
   41.9  21613  -71.5  -91.5      4   0.00                499.2  499.2  499.2

                         Station identifier: SBMN
                             Station number: 82332
                           Observation time: 260113/0000
                           Station latitude: -3.15
                          Station longitude: -59.98
                          Station elevation: 84.0
                            Showalter index: -0.36
                               Lifted index: -2.81
    LIFT computed using virtual temperature: -3.09
                                SWEAT index: 229.41
                                    K index: 35.60
                         Cross totals index: 20.70
                      Vertical totals index: 23.90
                        Totals totals index: 44.60
      Convective Available Potential Energy: 613.42
             CAPE using virtual temperature: 713.39
                      Convective Inhibition: -47.37
             CINS using virtual temperature: -25.51
                           Equilibrum Level: 200.60
 Equilibrum Level using virtual temperature: 200.48
                   Level of Free Convection: 766.13
             LFCT using virtual temperature: 838.22
                     Bulk Richardson Number: 98.25
          Bulk Richardson Number using CAPV: 114.26
  Temp [K] of the Lifted Condensation Level: 294.20
Pres [hPa] of the Lifted Condensation Level: 929.91
   Equivalent potential temp [K] of the LCL: 351.02
     Mean mixed layer potential temperature: 300.39
              Mean mixed layer mixing ratio: 17.24
              1000 hPa to 500 hPa thickness: 5788.00
Precipitable water [mm] for entire sounding: 57.77
