82332 SBMN Manaus (Aeroporto) Observations at 00Z 02 Mar 2026
-----------------------------------------------------------------------------
   PRES   HGHT   TEMP   DWPT   RELH   MIXR   DRCT   SKNT   THTA   THTE   THTV
    hPa     m      C      C      %    g/kg    deg   knot     K      K      K 
-----------------------------------------------------------------------------
 1000.0     71                                                               
  998.0     84   29.2   22.2     66  17.21     40      4  302.5  353.7  305.6
  993.0    129   30.2   21.2     59  16.24     39      6  304.0  352.6  306.9
  973.7    305   28.8   20.4     60  15.73     35     13  304.3  351.4  307.1
  941.1    610   26.4   18.9     63  14.86     35     15  304.8  349.4  307.5
  925.0    764   25.2   18.2     65  14.43     35     17  305.1  348.4  307.7
  909.2    914   24.1   17.5     67  14.01     35     14  305.4  347.6  308.0
  878.0   1219   21.8   16.0     70  13.18     40     11  306.1  345.9  308.5
  850.0   1502   19.6   14.6     73  12.44     40      9  306.7  344.4  308.9
  830.0   1707   18.0   14.0     77  12.25     35      7  307.1  344.3  309.3
  789.4   2134   15.5   12.7     84  11.85     25      4  308.8  345.0  311.0
  761.6   2438   13.7   11.8     89  11.56    155      4  310.0  345.6  312.2
  746.0   2614   12.6   11.3     92  11.40    164      4  310.7  345.9  312.8
  735.0   2739   12.8    9.5     80  10.24    170      5  312.2  344.1  314.2
  700.0   3149   11.2    5.2     67   7.98    190      6  314.9  340.2  316.4
  678.0   3415   10.0    4.0     66   7.58    203      9  316.4  340.6  317.9
  658.2   3658    8.5    2.9     68   7.19    215     11  317.4  340.5  318.8
  611.2   4267    4.7   -0.0     71   6.30    225      5  319.8  340.4  321.1
  591.0   4543    3.0   -1.3     73   5.92    216      5  320.9  340.4  322.1
  577.0   4737    3.4   -6.6     48   4.06    209      5  323.6  337.3  324.4
  500.0   5880   -5.3  -10.0     70   3.60    170      4  326.5  338.9  327.2
  486.4   6096   -6.7   -9.5     81   3.84    160      4  327.3  340.5  328.1
  483.0   6152   -7.1   -9.4     84   3.91    159      4  327.5  340.9  328.3
  460.0   6532   -9.3  -18.3     48   1.98    153      3  329.4  336.5  329.8
  456.0   6600   -8.5  -20.5     37   1.65    152      2  331.2  337.2  331.6
  449.8   6706   -8.7  -26.2     23   1.00    150      2  332.2  336.0  332.4
  434.0   6984   -9.3  -41.3      5   0.24     54     10  334.9  335.9  335.0
  432.5   7010   -9.5  -41.4      6   0.24     45     11  335.0  335.9  335.0
  400.0   7610  -14.3  -43.3      7   0.21     35     29  336.3  337.2  336.4
  387.0   7859  -16.5  -42.5      9   0.23     35     30  336.6  337.6  336.7
  383.5   7925  -17.1  -41.8     10   0.25     35     30  336.7  337.8  336.8
  367.9   8230  -19.7  -38.8     17   0.36     50     23  337.2  338.7  337.3
  338.7   8839  -25.0  -32.8     49   0.72     45     18  338.1  340.9  338.2
  332.0   8986  -26.3  -31.3     63   0.85     54     16  338.3  341.5  338.4
  324.7   9144  -27.3  -32.3     62   0.79     65     13  339.1  342.2  339.2
  311.2   9449  -29.1  -34.1     62   0.69    100     19  340.7  343.4  340.8
  300.0   9710  -30.7  -35.7     61   0.61    100     24  342.0  344.4  342.1
  298.1   9754  -31.1  -35.9     62   0.60     90     22  342.1  344.5  342.2
  286.0  10048  -33.5  -37.2     69   0.55    119     24  342.7  344.9  342.8
  285.6  10058  -33.6  -37.3     69   0.55    120     24  342.7  344.9  342.8
  277.0  10272  -35.3  -39.7     64   0.44    123     28  343.2  345.0  343.3
  269.0  10476  -36.1  -48.1     28   0.18    127     32  345.0  345.8  345.0
  261.6  10668  -38.0  -46.3     41   0.23    130     35  344.9  345.9  345.0
  259.0  10738  -38.7  -45.7     48   0.25    131     35  344.9  345.9  344.9
  253.0  10898  -39.7  -52.7     24   0.11    134     34  345.7  346.2  345.8
  250.0  10980  -40.5  -49.5     37   0.17    135     33  345.7  346.4  345.8
  230.0  11543  -45.3  -49.2     65   0.19    142     33  346.8  347.6  346.8
  208.3  12192  -50.8  -56.9     48   0.08    150     34  348.0  348.4  348.1
  200.0  12460  -53.1  -60.1     42   0.06    135     37  348.5  348.8  348.5
  185.0  12957  -57.5  -63.5     46   0.04    123     42  349.2  349.4  349.2
  180.7  13106  -58.2  -71.1     18   0.01    120     44  350.5  350.6  350.5
  180.0  13130  -58.3  -72.3     15   0.01    119     44  350.7  350.7  350.7
  174.0  13343  -59.9  -64.4     56   0.04    112     40  351.5  351.6  351.5
  165.0  13674  -60.5  -74.5     14   0.01    101     34  355.8  355.9  355.8
  156.0  14021  -63.7  -80.7      8   0.00     90     27  356.1  356.2  356.1
  156.0  14020  -63.7  -80.7      8   0.00     90     27  356.1  356.2  356.1
  150.0  14260  -65.5  -81.5      9   0.00    115     19  357.1  357.1  357.1
  141.0  14630  -67.5  -83.2      9   0.00    110     19  359.9  359.9  359.9
  133.9  14935  -69.2  -84.7      9   0.00    135     21  362.2  362.3  362.2
  127.3  15240  -70.9  -86.1      9   0.00    140     31  364.6  364.6  364.6
  121.0  15541  -72.5  -87.5      9   0.00    140     14  366.9  366.9  366.9
  120.9  15545  -72.5  -87.5      9   0.00    140     14  366.9  366.9  366.9
  114.6  15850  -75.3  -88.3     12   0.00    170      3  367.4  367.4  367.4
  108.7  16154  -78.0  -89.1     16   0.00    270     10  367.9  367.9  367.9
  103.0  16459  -80.8  -89.9     21   0.00    295     12  368.3  368.3  368.3
  100.0  16630  -82.3  -90.3     25   0.00    315     13  368.5  368.5  368.5
   97.6  16764  -82.8  -90.7     25   0.00    320     15  370.0  370.0  370.0
   92.4  17069  -84.1  -91.6     26   0.00    310     10  373.4  373.4  373.4
   87.4  17374  -85.3  -92.5     27   0.00    240     10  376.8  376.8  376.8
   84.6  17556  -86.1  -93.1     28   0.00     50      4  378.8  378.8  378.8
   82.7  17678  -86.2  -92.9     30   0.00     80      1  381.1  381.1  381.1
   78.2  17986  -86.3  -92.3     34   0.00     94      4  387.0  387.0  387.0
   73.3  18341  -85.5  -93.5     23   0.00    109      8  395.9  395.9  395.9
   71.4  18488  -79.9  -90.9     15   0.00    116     10  410.8  410.8  410.8
   70.1  18593  -79.7  -89.8     18   0.00    120     11  413.4  413.4  413.4
   70.0  18600  -79.7  -89.7     18   0.00    110     15  413.6  413.6  413.6
   66.5  18898  -78.0  -89.4     15   0.00    125     17  423.5  423.5  423.5
   63.0  19202  -76.2  -89.1     12   0.00     30     11  433.9  433.9  433.9
   60.6  19425  -74.9  -88.9     10   0.00     48      8  441.6  441.7  441.6
   59.8  19507  -74.4  -88.8      9   0.00     55      7  444.6  444.6  444.6
   56.8  19812  -72.3  -88.3      8   0.00     90     11  455.8  455.9  455.8
   51.2  20422  -68.3  -87.3      5   0.00     95     29  478.9  478.9  478.9
   51.2  20418  -68.3  -87.3      5   0.00     95     29  478.9  478.9  478.9
   50.0  20560  -69.1  -88.1      5   0.00     45     22  480.2  480.3  480.2
   46.2  21031  -70.4  -89.4      5   0.00     45     22  488.0  488.0  488.0
   45.5  21122  -70.7  -89.7      5   0.00     60     23  489.5  489.5  489.5
   43.9  21336  -70.7  -90.1      4   0.00     95     24  494.6  494.6  494.6
   41.8  21625  -70.7  -90.7      4   0.00    104     24  501.5  501.5  501.5
   41.7  21641  -70.5  -90.6      4   0.00    105     24  502.4  502.4  502.4
   39.6  21946  -66.5  -89.0      3   0.00    110     32  519.7  519.7  519.7
   39.2  22010  -65.7  -88.7      3   0.00    107     33  523.4  523.4  523.4
   36.2  22494  -66.3  -89.3      3   0.00     87     40  533.9  533.9  533.9
   35.8  22555  -66.0  -89.3      3   0.00     85     41  536.3  536.3  536.3
   32.5  23165  -62.6  -89.1      2   0.00    105     49  560.7  560.7  560.7
   30.0  23650  -59.9  -88.9      1   0.00     90     53  580.8  580.8  580.8
   27.5  24196  -57.7  -87.7      1   0.01                601.5  601.6  601.5

                         Station identifier: SBMN
                             Station number: 82332
                           Observation time: 260302/0000
                           Station latitude: -3.15
                          Station longitude: -59.98
                          Station elevation: 84.0
                            Showalter index: -0.15
                               Lifted index: -2.66
    LIFT computed using virtual temperature: -3.11
                                SWEAT index: 197.19
                                    K index: 33.50
                         Cross totals index: 19.90
                      Vertical totals index: 24.90
                        Totals totals index: 44.80
      Convective Available Potential Energy: 715.81
             CAPE using virtual temperature: 837.83
                      Convective Inhibition: -59.88
             CINS using virtual temperature: -39.74
                           Equilibrum Level: 179.56
 Equilibrum Level using virtual temperature: 179.43
                   Level of Free Convection: 776.00
             LFCT using virtual temperature: 797.57
                     Bulk Richardson Number: 55.08
          Bulk Richardson Number using CAPV: 64.47
  Temp [K] of the Lifted Condensation Level: 291.49
Pres [hPa] of the Lifted Condensation Level: 860.76
   Equivalent potential temp [K] of the LCL: 351.11
     Mean mixed layer potential temperature: 304.26
              Mean mixed layer mixing ratio: 15.69
              1000 hPa to 500 hPa thickness: 5809.00
Precipitable water [mm] for entire sounding: 52.82
