82332 SBMN Manaus (Aeroporto) Observations at 00Z 13 Feb 2026
-----------------------------------------------------------------------------
   PRES   HGHT   TEMP   DWPT   RELH   MIXR   DRCT   SKNT   THTA   THTE   THTV
    hPa     m      C      C      %    g/kg    deg   knot     K      K      K 
-----------------------------------------------------------------------------
 1002.0     84   26.8   22.0     75  16.93     70      3  299.8  349.5  302.8
 1000.0     99   27.0   22.0     74  16.96    115      8  300.1  350.1  303.2
  995.0    144   28.2   22.2     70  17.26    117     10  301.8  352.9  304.9
  989.0    197   27.8   22.0     71  17.15    120     12  301.9  352.8  305.0
  975.0    323   26.9   21.5     72  16.87    130     13  302.2  352.3  305.3
  925.0    788   23.6   19.7     79  15.88    115      8  303.4  350.8  306.3
  894.0   1085   21.6   17.9     79  14.60     80     10  304.3  348.1  307.0
  866.0   1362   19.7   16.1     80  13.48     85     11  305.1  345.7  307.6
  850.0   1524   18.6   15.1     80  12.86     60     11  305.6  344.4  308.0
  838.0   1646   17.9   14.2     79  12.27     60     12  306.1  343.2  308.4
  817.0   1863   16.6   12.5     77  11.27     67     14  307.0  341.2  309.1
  810.0   1936   16.0   12.8     81  11.59     70     15  307.1  342.3  309.2
  791.0   2138   14.2   13.6     96  12.53     66     17  307.3  345.3  309.6
  765.0   2420   13.6    6.6     63   8.05     61     19  309.6  334.5  311.1
  741.0   2688   12.8    4.8     58   7.33     55     22  311.5  334.5  312.9
  718.0   2952   11.2    5.1     66   7.72     50     24  312.6  336.9  314.1
  700.0   3164   10.0    5.3     73   8.04     55     19  313.5  338.9  315.1
  674.0   3478    8.6    3.7     71   7.45     65     15  315.3  339.1  316.8
  657.0   3690    7.6    2.6     71   7.07     50     12  316.6  339.2  317.9
  651.0   3765    7.1    2.3     72   7.01     45     11  316.8  339.3  318.2
  588.0   4596    1.6   -0.5     86   6.32     37     10  319.8  340.3  321.0
  575.0   4775    0.8   -2.0     82   5.77     35     10  320.8  339.8  321.9
  500.0   5890   -4.5  -11.5     58   3.19      0      0  327.5  338.5  328.1
  497.0   5937   -4.7  -11.9     57   3.10      0      0  327.8  338.6  328.4
  473.0   6327   -6.5  -15.5     49   2.43     27      3  330.2  338.9  330.7
  432.0   7032  -11.7  -13.5     86   3.14     76      7  332.3  343.4  332.9
  409.0   7450  -14.0  -16.3     82   2.62    105     10  334.6  344.0  335.1
  400.0   7620  -14.9  -17.5     81   2.43    130     10  335.5  344.3  336.0
  397.0   7677  -15.1  -17.7     81   2.41    133     10  336.0  344.7  336.5
  389.0   7826  -16.2  -18.9     80   2.22    140     11  336.5  344.6  337.0
  344.0   8727  -22.8  -26.1     74   1.33    120     16  339.6  344.7  339.9
  316.0   9349  -27.3  -31.1     70   0.90    145     15  341.6  345.2  341.8
  300.0   9730  -30.1  -34.2     67   0.71    140     15  342.8  345.6  343.0
  283.0  10138  -33.3  -38.2     61   0.50    150     22  344.0  346.1  344.1
  261.0  10705  -37.7  -43.7     53   0.31    163     14  345.6  346.9  345.7
  250.0  11000  -40.3  -46.3     53   0.24    170      9  346.0  347.0  346.1
  248.0  11054  -40.8  -46.6     53   0.23    170      9  346.1  347.1  346.2
  243.0  11191  -41.9  -47.5     55   0.22    160     10  346.4  347.3  346.4
  222.0  11797  -47.1  -51.1     63   0.16    145     24  347.5  348.2  347.5
  219.0  11889  -47.9  -51.7     65   0.15    147     25  347.6  348.3  347.7
  200.0  12480  -53.5  -59.5     48   0.06    160     28  347.9  348.2  347.9
  194.0  12674  -55.2  -62.4     40   0.04    160     25  348.2  348.4  348.2
  186.0  12942  -57.5  -66.5     31   0.03    155     27  348.7  348.8  348.7
  168.0  13575  -63.5  -69.5     44   0.02    143     33  349.0  349.1  349.0
  150.0  14260  -69.3  -74.2     49   0.01    130     39  350.5  350.6  350.5
  147.0  14379  -70.2  -75.0     49   0.01    125     42  351.0  351.0  351.0
  129.0  15145  -76.1  -80.1     53   0.01    120     19  353.8  353.8  353.8
  125.0  15324  -76.9  -80.9     53   0.00     95     11  355.5  355.5  355.5
  115.0  15798  -79.0  -83.1     52   0.00      0     10  360.1  360.1  360.1
  111.0  15999  -79.9  -84.0     51   0.00     10      5  362.1  362.1  362.1
  102.0  16479  -82.1  -86.2     50   0.00    115     31  366.8  366.8  366.8
  100.0  16590  -82.5  -86.6     50   0.00    115     31  368.1  368.1  368.1
   99.7  16607  -82.5  -86.7     49   0.00    115     37  368.4  368.4  368.4
   98.0  16704  -81.7  -86.9     42   0.00    110     37  371.7  371.7  371.7
   89.4  17221  -77.7  -87.7     19   0.00     87     23  389.6  389.6  389.6
   85.0  17506  -78.7  -88.5     19   0.00     75     16  393.3  393.3  393.3
   80.0  17847  -79.9  -89.4     20   0.00    100     11  397.7  397.7  397.7
   79.0  17918  -80.1  -89.6     20   0.00    120      7  398.6  398.6  398.6
   76.0  18137  -80.9  -90.2     20   0.00    195     12  401.5  401.5  401.5
   73.0  18363  -81.7  -90.8     20   0.00    195     13  404.5  404.5  404.5
   70.0  18600  -82.5  -91.5     21   0.00    145     12  407.6  407.6  407.6
   68.8  18696  -82.9  -91.9     20   0.00    121     14  408.7  408.7  408.7
   68.0  18763  -82.0  -91.6     18   0.00    105     15  412.1  412.1  412.1
   66.0  18934  -79.5  -90.8     14   0.00     90     23  420.9  420.9  420.9
   62.0  19291  -74.5  -89.2      9   0.00     70     11  439.7  439.7  439.7
   60.5  19431  -72.5  -88.5      7   0.00     53      8  447.2  447.2  447.2
   56.0  19884  -72.3  -89.1      6   0.00      0      0  457.8  457.8  457.8
   50.0  20550  -71.9  -89.9      5   0.00     65     13  473.6  473.7  473.6
   45.0  21175  -71.0  -90.0      5   0.00    100     24  490.2  490.3  490.2
   39.0  22023  -69.8  -90.2      4   0.00     85     47  513.7  513.7  513.7
   37.0  22335  -69.4  -90.3      3   0.00     90     59  522.6  522.6  522.6
   36.5  22416  -69.3  -90.3      3   0.00                524.9  524.9  524.9

                         Station identifier: SBMN
                             Station number: 82332
                           Observation time: 260213/0000
                           Station latitude: -3.15
                          Station longitude: -59.98
                          Station elevation: 84.0
                            Showalter index: 0.65
                               Lifted index: -2.14
    LIFT computed using virtual temperature: -2.68
                                SWEAT index: 203.19
                                    K index: 33.50
                         Cross totals index: 19.60
                      Vertical totals index: 23.10
                        Totals totals index: 42.70
      Convective Available Potential Energy: 996.96
             CAPE using virtual temperature: 1126.24
                      Convective Inhibition: -41.95
             CINS using virtual temperature: -29.89
                           Equilibrum Level: 141.10
 Equilibrum Level using virtual temperature: 140.77
                   Level of Free Convection: 820.89
             LFCT using virtual temperature: 848.65
                     Bulk Richardson Number: 64.17
          Bulk Richardson Number using CAPV: 72.49
  Temp [K] of the Lifted Condensation Level: 293.33
Pres [hPa] of the Lifted Condensation Level: 901.81
   Equivalent potential temp [K] of the LCL: 351.96
     Mean mixed layer potential temperature: 302.14
              Mean mixed layer mixing ratio: 16.82
              1000 hPa to 500 hPa thickness: 5791.00
Precipitable water [mm] for entire sounding: 56.01
