82332 SBMN Manaus (Aeroporto) Observations at 00Z 15 Jan 2026
-----------------------------------------------------------------------------
   PRES   HGHT   TEMP   DWPT   RELH   MIXR   DRCT   SKNT   THTA   THTE   THTV
    hPa     m      C      C      %    g/kg    deg   knot     K      K      K 
-----------------------------------------------------------------------------
 1000.0     80                                                               
  999.0     84   24.4   22.8     91  17.85      0      0  297.6  349.6  300.8
  979.0    263   24.2   22.4     90  17.77     19      3  299.2  351.2  302.3
  958.0    455   24.8   18.8     69  14.47     40      7  301.6  344.5  304.2
  938.0    642   23.7   18.7     73  14.67     60     10  302.4  345.9  305.0
  925.0    765   23.0   18.6     76  14.80     55     11  302.8  346.9  305.5
  910.0    907   22.3   17.8     76  14.29     40     13  303.5  346.1  306.1
  852.0   1479   19.3   14.5     74  12.34     80     15  306.1  343.5  308.4
  850.0   1499   19.2   14.4     74  12.28     85     15  306.2  343.4  308.5
  821.0   1797   17.2   14.1     82  12.47     83     17  307.2  345.0  309.5
  778.0   2256   15.3   10.4     72  10.26     80     19  309.9  341.5  311.8
  754.0   2522   14.2    8.2     67   9.13     66     19  311.5  339.9  313.2
  749.0   2579   14.4    7.4     63   8.70     63     19  312.3  339.5  313.9
  743.0   2646   14.0    7.1     63   8.60     60     19  312.6  339.5  314.2
  700.0   3148   11.0    5.0     66   7.87     70     11  314.6  339.6  316.1
  659.0   3649    8.2    2.2     66   6.85     83     14  316.9  339.0  318.3
  654.0   3710    7.8    2.0     67   6.80     85     14  317.2  339.1  318.5
  616.0   4195    4.7    0.3     73   6.41     65     11  319.1  339.9  320.3
  601.0   4394    3.4   -0.3     76   6.25     85     10  319.9  340.3  321.1
  536.0   5321   -2.5   -3.5     93   5.54     66      8  323.4  341.9  324.5
  500.0   5870   -4.3   -7.6     78   4.34     55      7  327.7  342.6  328.6
  474.0   6290   -6.3  -10.2     74   3.74     45      8  330.3  343.3  331.0
  457.0   6576   -7.9  -14.9     57   2.65     38      9  331.8  341.2  332.3
  425.0   7134  -11.6  -15.6     72   2.68     25     10  334.0  343.6  334.6
  401.0   7581  -14.5  -16.2     87   2.71    111      4  335.8  345.6  336.4
  400.0   7600  -14.5  -16.3     86   2.69    115      4  336.1  345.8  336.6
  393.0   7732  -15.4  -17.3     85   2.52    130      1  336.6  345.8  337.1
  334.0   8944  -23.3  -26.7     74   1.30    127      5  341.8  346.8  342.1
  300.0   9720  -29.5  -32.6     74   0.83    125      7  343.7  346.9  343.9
  271.0  10435  -35.7  -38.0     79   0.54    119      8  344.8  347.0  344.9
  250.0  10990  -40.1  -42.9     74   0.35    115      9  346.3  347.8  346.4
  231.0  11527  -44.5  -48.0     68   0.22    145     10  347.5  348.5  347.6
  225.0  11703  -45.9  -51.3     54   0.15    155     10  348.0  348.7  348.0
  220.0  11854  -47.1  -54.1     45   0.11    157     10  348.4  348.9  348.4
  205.0  12319  -51.1  -54.5     67   0.11    163      8  349.2  349.7  349.2
  200.0  12480  -52.7  -57.4     57   0.08    165      8  349.1  349.5  349.2
  177.0  13256  -59.7  -64.5     53   0.04    222      6  350.1  350.2  350.1
  163.0  13761  -63.7  -68.6     51   0.02    260      5  351.7  351.8  351.7
  158.0  13952  -65.2  -70.1     50   0.02    290     10  352.3  352.4  352.3
  150.0  14270  -67.7  -72.7     49   0.01    280     12  353.3  353.3  353.3
  148.0  14349  -68.4  -73.4     49   0.01    275     13  353.5  353.6  353.5
  128.0  15204  -75.5  -80.5     46   0.00    289     30  355.6  355.6  355.6
  121.0  15522  -77.3  -82.3     45   0.00    295     36  358.0  358.1  358.0
  113.0  15909  -79.5  -84.5     44   0.00    310     28  361.0  361.0  361.0
  100.0  16600  -83.5  -88.4     43   0.00    235     14  366.2  366.2  366.2
   95.7  16843  -85.5  -90.0     45   0.00    220     19  366.9  366.9  366.9
   95.0  16884  -85.5  -90.0     45   0.00    215     20  367.6  367.6  367.6
   92.0  17060  -85.7  -90.2     45   0.00    193     15  370.6  370.6  370.6
   91.0  17121  -85.5  -90.2     44   0.00    185     13  372.1  372.1  372.1
   87.0  17371  -85.0  -90.3     39   0.00    110      6  378.1  378.1  378.1
   85.0  17500  -84.6  -90.3     37   0.00    100     11  381.3  381.3  381.3
   75.0  18194  -83.0  -90.5     27   0.00    115     32  398.7  398.7  398.7
   72.5  18382  -82.5  -90.5     25   0.00    111     26  403.5  403.5  403.5
   72.0  18421  -82.0  -90.3     23   0.00    110     25  405.5  405.5  405.5
   70.0  18580  -79.7  -89.7     18   0.00    100     21  413.6  413.6  413.6
   69.0  18662  -78.5  -89.1     17   0.00     60     11  417.9  417.9  417.9
   68.0  18746  -77.2  -88.4     16   0.00     20      6  422.3  422.3  422.3
   66.6  18865  -75.5  -87.5     14   0.00    337      6  428.6  428.6  428.6
   64.3  19068  -76.3  -89.3     11   0.00    265      6  431.2  431.2  431.2
   64.0                                       255      6                     

                         Station identifier: SBMN
                             Station number: 82332
                           Observation time: 260115/0000
                           Station latitude: -3.15
                          Station longitude: -59.98
                          Station elevation: 84.0
                            Showalter index: 1.23
                               Lifted index: -0.45
    LIFT computed using virtual temperature: -0.68
                                SWEAT index: 209.79
                                    K index: 31.90
                         Cross totals index: 18.70
                      Vertical totals index: 23.50
                        Totals totals index: 42.20
      Convective Available Potential Energy: 78.00
             CAPE using virtual temperature: 115.57
                      Convective Inhibition: -183.06
             CINS using virtual temperature: -133.67
                           Equilibrum Level: 262.72
 Equilibrum Level using virtual temperature: 262.22
                   Level of Free Convection: 624.24
             LFCT using virtual temperature: 650.54
                     Bulk Richardson Number: 8.63
          Bulk Richardson Number using CAPV: 12.79
  Temp [K] of the Lifted Condensation Level: 293.17
Pres [hPa] of the Lifted Condensation Level: 922.33
   Equivalent potential temp [K] of the LCL: 347.78
     Mean mixed layer potential temperature: 300.04
              Mean mixed layer mixing ratio: 16.34
              1000 hPa to 500 hPa thickness: 5790.00
Precipitable water [mm] for entire sounding: 55.95
