82332 SBMN Manaus (Aeroporto) Observations at 00Z 16 Mar 2026
-----------------------------------------------------------------------------
   PRES   HGHT   TEMP   DWPT   RELH   MIXR   DRCT   SKNT   THTA   THTE   THTV
    hPa     m      C      C      %    g/kg    deg   knot     K      K      K 
-----------------------------------------------------------------------------
 1000.0     74                                                               
  999.0     84   27.6   24.3     82  19.59    120      2  300.8  358.7  304.4
  993.0    138   28.8   24.6     78  20.08    114      3  302.6  362.4  306.2
  925.0    766   24.0   21.5     86  17.80     45      9  303.8  357.0  307.1
  922.0    794   23.7   21.5     87  17.82     45     10  303.9  357.1  307.1
  909.0    919   22.6   21.3     92  17.90     37     10  303.9  357.4  307.2
  890.0   1103   22.0   19.2     84  15.98     25     11  305.2  353.2  308.1
  864.0   1361   21.2   16.2     73  13.59     35     12  306.9  348.1  309.4
  850.0   1503   20.0   15.4     75  13.11     40     12  307.1  346.9  309.5
  809.0   1927   17.2   13.6     80  12.28     55     10  308.4  345.9  310.7
  779.0   2251   15.0   12.3     84  11.67     76     10  309.5  345.3  311.6
  739.0   2697   13.9    7.1     63   8.62    105     11  313.0  340.0  314.6
  728.0   2824   13.6    5.6     58   7.89    103     12  314.0  338.9  315.5
  712.0   3010   12.1    5.3     63   7.88    100     14  314.4  339.3  315.9
  700.0   3153   11.0    5.0     66   7.87    100     12  314.6  339.6  316.1
  686.0   3322   10.0    5.5     74   8.32    110     11  315.3  341.7  316.9
  647.0   3808    7.8    1.8     66   6.78     60     11  318.2  340.1  319.5
  600.0   4424    4.6   -1.4     65   5.81    355     10  321.4  340.6  322.6
  550.0   5135    1.0   -5.0     64   4.82    338      9  325.2  341.4  326.2
  519.0   5602    0.2   -9.8     47   3.52    327      8  329.7  341.9  330.4
  500.0   5900   -2.1  -10.1     54   3.57    320      8  330.4  342.8  331.1
  432.0   7043  -10.7  -16.7     61   2.41    307      7  333.6  342.2  334.1
  425.0   7169  -11.3  -21.3     43   1.65    305      7  334.4  340.4  334.7
  400.0   7630  -15.3  -20.2     66   1.93    300      6  335.0  342.1  335.4
  374.0   8135  -19.1  -21.5     81   1.85    265      3  336.5  343.3  336.9
  363.0   8355  -20.8  -23.2     81   1.63    250      1  337.1  343.2  337.5
  347.0   8688  -23.3  -25.8     80   1.36    237      5  338.1  343.2  338.4
  332.0   9011  -24.7  -29.4     65   1.02    224      9  340.4  344.4  340.7
  317.0   9344  -27.4  -32.0     65   0.83    210     13  341.2  344.4  341.4
  302.0   9693  -30.3  -34.7     65   0.67    192     13  341.9  344.6  342.1
  300.0   9740  -30.9  -34.1     73   0.72    190     13  341.7  344.5  341.9
  299.0   9764  -31.1  -33.9     76   0.73    189     13  341.8  344.6  341.9
  294.0   9882  -31.9  -32.6     93   0.84    182     14  342.3  345.6  342.4
  278.0  10273  -34.7  -38.5     68   0.50    159     17  343.8  345.8  343.9
  265.0  10602  -37.7  -39.2     85   0.48    140     19  344.1  346.1  344.2
  259.0  10760  -39.1  -39.6     95   0.48    140     18  344.3  346.2  344.4
  252.0  10946  -40.5  -42.6     80   0.36    140     16  344.9  346.4  345.0
  250.0  11000  -40.9  -43.5     76   0.33    140     16  345.1  346.5  345.2
  244.0  11165  -42.1  -47.0     59   0.23    130     16  345.7  346.7  345.8
  235.0  11416  -44.3  -49.2     58   0.18    115     15  346.2  347.0  346.2
  225.0  11707  -46.8  -51.8     57   0.14    125     13  346.6  347.3  346.7
  219.0  11887  -48.4  -53.4     56   0.12    100      9  346.9  347.4  346.9
  217.0  11949  -48.9  -53.9     56   0.12    100     10  347.0  347.5  347.0
  203.0  12384  -52.7  -56.8     61   0.09    100     13  347.7  348.1  347.7
  200.0  12480  -53.5  -57.8     59   0.08    100     14  347.9  348.2  347.9
  194.0  12675  -55.5  -60.4     54   0.06    103     17  347.7  348.0  347.7
  178.0  13214  -59.5  -67.2     36   0.03    110     27  349.8  349.9  349.8
  168.0  13575  -62.2  -71.7     27   0.01    120     33  351.1  351.1  351.1
  165.0  13688  -63.1  -73.1     25   0.01    115     34  351.5  351.5  351.5
  150.0  14270  -65.9  -75.9     24   0.01     80     16  356.4  356.4  356.4
  148.0  14351  -66.3  -77.3     20   0.01     78     13  357.1  357.1  357.1
  146.0  14433  -67.0  -77.0     23   0.01     75     10  357.3  357.4  357.3
  135.0  14903  -70.7  -75.3     51   0.01      8      2  358.8  358.8  358.8
  133.0  14991  -71.2  -76.8     44   0.01    355      1  359.4  359.4  359.4
  125.0  15356  -73.4  -82.9     22   0.00    275     11  361.8  361.8  361.8
  124.0  15403  -73.7  -83.7     20   0.00    265     12  362.1  362.1  362.1
  122.0  15496  -74.4  -84.0     22   0.00    245     15  362.5  362.5  362.5
  107.0  16244  -80.3  -86.8     33   0.00    185     17  365.2  365.2  365.2
  100.0  16630  -83.3  -88.3     42   0.00    170     19  366.5  366.6  366.5
   94.0  16969  -85.3  -89.5     47   0.00    155     12  369.1  369.1  369.1
   91.0  17147  -86.4  -90.2     51   0.00    125      7  370.4  370.4  370.4
   88.0  17331  -87.5  -90.9     54   0.00    115     10  371.8  371.8  371.8
   85.3  17502  -88.5  -91.5     58   0.00    110     19  373.1  373.1  373.1
   79.0  17920  -86.5  -92.2     36   0.00    115     29  385.6  385.6  385.6
   76.2  18117  -85.5  -92.5     28   0.00    104     33  391.6  391.6  391.6
   74.4  18250  -79.7  -90.7     15   0.00     97     36  406.4  406.4  406.4
   74.0  18281  -79.2  -90.6     14   0.00     95     37  408.0  408.0  408.0
   71.0  18518  -75.7  -89.7     10   0.00     88     30  420.4  420.4  420.4
   70.0  18600  -76.1  -91.1      8   0.00     85     27  421.3  421.3  421.3
   69.2  18666  -76.3  -92.3      7   0.00     77     25  422.2  422.2  422.2
   67.0  18855  -73.8  -91.4      5   0.00     55     20  431.5  431.5  431.5
   65.0  19032  -71.5  -90.5      4   0.00    359     15  440.3  440.3  440.3
   64.0  19123  -71.8  -90.5      5   0.00    330     12  441.5  441.5  441.5
   60.0  19502  -73.3  -90.4      6   0.00    260     13  446.5  446.5  446.5
   57.4  19762  -74.3  -90.3      7   0.00    178      7  449.9  449.9  449.9
   57.0  19803  -74.2  -90.3      7   0.00    165      6  451.0  451.0  451.0
   55.0  20012  -73.7  -90.5      6   0.00    120     12  456.7  456.7  456.7
   54.0  20119  -73.5  -90.6      6   0.00    120     13  459.7  459.7  459.7
   51.6  20385  -72.9  -90.9      5   0.00     96     17  467.1  467.1  467.1
   50.0  20570  -71.9  -90.9      4   0.00     80     20  473.6  473.7  473.6
   46.0  21065  -66.5  -89.5      3   0.00     73     26  498.1  498.1  498.1
   44.0  21333  -66.4  -89.4      3   0.00     70     29  504.6  504.6  504.6
   43.0  21472  -66.4  -89.4      3   0.00     90     29  508.0  508.0  508.0
   39.7  21953  -66.3  -89.3      3   0.00     98     42  520.0  520.0  520.0
   39.0  22059  -67.0  -89.5      3   0.00    100     45  521.0  521.0  521.0
   38.2  22184  -67.7  -89.7      3   0.00     99     46  522.2  522.2  522.2
   32.5  23166  -61.3  -89.3      1   0.00     93     55  563.9  563.9  563.9
   30.0  23660  -61.3  -88.3      2   0.01     90     60  577.0  577.0  577.0
   29.0  23871  -60.7  -88.4      1   0.01     90     64  584.1  584.2  584.1
   28.6  23957  -60.5  -88.5      1   0.01                587.1  587.1  587.1

                         Station identifier: SBMN
                             Station number: 82332
                           Observation time: 260316/0000
                           Station latitude: -3.15
                          Station longitude: -59.98
                          Station elevation: 84.0
                            Showalter index: 2.11
                               Lifted index: -2.46
    LIFT computed using virtual temperature: -3.18
                                SWEAT index: 216.81
                                    K index: 31.50
                         Cross totals index: 17.50
                      Vertical totals index: 22.10
                        Totals totals index: 39.60
      Convective Available Potential Energy: 2531.78
             CAPE using virtual temperature: 2740.23
                      Convective Inhibition: -17.73
             CINS using virtual temperature: -6.77
                           Equilibrum Level: 130.10
 Equilibrum Level using virtual temperature: 130.07
                   Level of Free Convection: 848.19
             LFCT using virtual temperature: 883.48
                     Bulk Richardson Number: 1343.10
          Bulk Richardson Number using CAPV: 1453.68
  Temp [K] of the Lifted Condensation Level: 295.88
Pres [hPa] of the Lifted Condensation Level: 921.75
   Equivalent potential temp [K] of the LCL: 360.31
     Mean mixed layer potential temperature: 302.87
              Mean mixed layer mixing ratio: 19.33
              1000 hPa to 500 hPa thickness: 5826.00
Precipitable water [mm] for entire sounding: 59.00
