82332 SBMN Manaus (Aeroporto) Observations at 00Z 19 Jan 2026
-----------------------------------------------------------------------------
   PRES   HGHT   TEMP   DWPT   RELH   MIXR   DRCT   SKNT   THTA   THTE   THTV
    hPa     m      C      C      %    g/kg    deg   knot     K      K      K 
-----------------------------------------------------------------------------
 1000.0     73                                                               
  999.0     84   26.6   23.1     81  18.19     50      3  299.8  353.3  303.1
  992.0    146   27.6   23.0     76  18.20     56      3  301.4  355.3  304.7
  925.0    762   23.2   21.0     87  17.25    120      4  303.0  354.4  306.1
  896.0   1039   21.6   18.8     84  15.47    105     10  304.2  350.4  307.0
  850.0   1496   19.0   15.1     78  12.86     90     13  306.0  344.9  308.4
  847.0   1526   18.8   15.0     78  12.81     90     13  306.1  344.9  308.5
  821.0   1791   17.2   14.1     82  12.43    100     14  307.2  344.9  309.5
  808.0   1927   16.4   13.6     83  12.23    115     13  307.7  344.9  310.0
  785.0   2172   14.9   12.7     87  11.88    100     12  308.7  345.0  310.9
  761.0   2436   13.3   11.7     90  11.51    130     12  309.7  345.0  311.8
  728.0   2813   11.0   10.4     96  11.00    103     11  311.1  345.1  313.2
  722.0   2883   10.8    9.1     89  10.15     98     11  311.6  343.1  313.6
  706.0   3071   11.6    5.6     67   8.14     85     10  314.5  340.3  316.1
  700.0   3142   11.2    5.2     67   7.98     95      8  314.9  340.2  316.4
  683.0   3347   10.5    3.7     63   7.34    100     12  316.3  339.8  317.7
  672.0   3482   10.1    2.6     60   6.93     95     11  317.3  339.6  318.6
  661.0   3619    9.6    1.6     57   6.54     82      9  318.2  339.4  319.5
  620.0   4140    6.5   -0.5     61   6.00     30      1  320.6  340.3  321.8
  546.0   5172    0.4   -4.6     69   5.01    265     10  325.2  342.0  326.2
  532.0   5383   -0.8   -5.4     71   4.82    295     14  326.1  342.4  327.1
  518.0   5600   -2.1   -6.3     73   4.64    306     15  327.1  342.8  328.0
  500.0   5880   -3.3   -9.3     63   3.80    320     16  328.9  342.1  329.7
  483.0   6154   -4.5  -13.5     49   2.81    328     17  330.7  340.7  331.3
  478.0   6236   -4.5  -14.5     46   2.62    331     18  331.7  341.0  332.2
  459.0   6554   -7.3  -18.3     41   1.98    340     19  332.1  339.3  332.5
  437.0   6932  -10.4  -18.0     54   2.14    355     13  332.8  340.5  333.2
  429.0   7074  -11.6  -17.8     60   2.21    340     13  333.1  341.0  333.5
  422.0   7201  -12.7  -17.7     66   2.26    325     15  333.3  341.4  333.7
  409.0   7441  -14.7  -17.5     79   2.38    331     19  333.7  342.2  334.1
  400.0   7610  -15.3  -21.3     60   1.76    335     22  335.0  341.5  335.4
  378.0   8036  -18.1  -26.1     50   1.21    338     28  336.8  341.4  337.0
  363.0   8337  -20.9  -26.1     63   1.26    340     33  336.9  341.7  337.2
  357.0   8461  -22.1  -26.1     70   1.28    339     31  336.9  341.8  337.2
  319.0   9281  -27.9  -29.8     84   1.02    329     21  339.9  343.9  340.1
  302.0   9672  -30.6  -33.9     73   0.72    325     16  341.5  344.4  341.7
  300.0   9720  -30.9  -34.4     71   0.69    325     16  341.7  344.5  341.9
  293.0   9886  -31.5  -37.5     55   0.52    306     10  343.2  345.3  343.3
  291.0   9934  -31.9  -37.9     55   0.50    300      8  343.2  345.3  343.3
  277.0  10277  -35.0  -41.0     54   0.38    275     10  343.7  345.2  343.7
  267.0  10532  -37.3  -43.3     54   0.31    252      8  343.9  345.2  344.0
  265.0  10584  -37.7  -48.7     31   0.17    247      7  344.1  344.9  344.1
  252.0  10926  -40.7  -49.7     37   0.16    215      4  344.6  345.3  344.7
  250.0  10980  -41.3  -46.3     58   0.24    210      4  344.5  345.6  344.6
  248.0  11035  -41.9  -46.5     61   0.24    206      4  344.4  345.4  344.5
  226.0  11654  -46.8  -56.3     33   0.08    160      1  346.1  346.5  346.1
  211.0  12112  -50.5  -63.5     20   0.04    156      7  347.3  347.4  347.3
  205.0  12300  -52.2  -63.9     23   0.03    155     10  347.4  347.6  347.5
  202.0  12396  -53.1  -64.1     25   0.03    155     12  347.5  347.7  347.5
  200.0  12460  -53.7  -65.7     22   0.03    155     13  347.6  347.7  347.6
  198.0  12524  -54.1  -65.2     24   0.03    155     13  347.9  348.0  347.9
  194.0  12654  -55.0  -64.2     31   0.04    160     10  348.5  348.7  348.5
  184.0  12991  -57.3  -61.6     58   0.05    275      4  350.1  350.4  350.1
  176.0  13267  -59.5  -63.9     57   0.04    330     12  350.9  351.1  350.9
  169.0  13519  -61.6  -65.9     56   0.03    310     22  351.6  351.8  351.6
  160.0  13859  -64.3  -68.7     55   0.02    312     29  352.6  352.7  352.6
  152.0  14170  -66.7  -75.7     27   0.01    314     36  353.6  353.7  353.6
  150.0  14250  -67.1  -76.1     27   0.01    315     38  354.3  354.4  354.3
  148.0  14331  -67.6  -77.2     24   0.01    305     45  354.8  354.9  354.8
  141.0  14621  -69.3  -81.3     16   0.00    307     43  356.8  356.8  356.8
  127.0  15237  -73.8  -80.6     35   0.00    310     40  359.4  359.5  359.4
  125.0  15331  -74.5  -80.5     39   0.00    310     36  359.8  359.9  359.9
  116.0  15756  -77.4  -83.0     40   0.00    310     17  362.3  362.3  362.3
  111.0  16007  -79.1  -84.5     41   0.00    260      6  363.7  363.7  363.7
  101.0  16545  -82.7  -87.7     42   0.00    240     10  366.7  366.7  366.7
  100.0  16600  -83.1  -88.1     42   0.00    240     10  366.9  366.9  366.9
   96.0  16825  -84.0  -88.7     44   0.00    180     15  369.6  369.6  369.6
   90.0  17182  -85.3  -89.7     46   0.00    100      4  373.7  373.7  373.7
   82.7  17649  -87.1  -91.0     49   0.00     85      7  379.2  379.2  379.2
   78.1  17960  -88.7  -93.3     43   0.00     75      9  382.2  382.2  382.2
   76.0  18108  -88.5  -94.4     33   0.00    125      9  385.6  385.6  385.6
   75.9  18115  -88.5  -94.5     33   0.00    126     10  385.7  385.7  385.7
   73.0  18332  -80.7  -89.6     22   0.00    145     27  406.5  406.5  406.5
   71.9  18417  -77.7  -87.7     19   0.00    143     25  414.6  414.7  414.6
   70.0  18570  -78.7  -90.7     13   0.00    140     22  415.7  415.7  415.7
   69.0  18653  -78.3  -90.6     12   0.00    135     13  418.2  418.2  418.2
   62.0  19268  -75.6  -89.5     10   0.00    100      1  437.2  437.2  437.2
   61.7  19296  -75.5  -89.5     10   0.00    108      2  438.1  438.1  438.1
   57.0  19755  -76.1  -89.1     11   0.00    235     10  446.7  446.7  446.7
   56.0  19858  -75.5  -89.2     10   0.00    230     10  450.3  450.3  450.3
   52.0  20291  -73.2  -89.7      7   0.00     95      5  465.4  465.5  465.4
   50.0  20520  -71.9  -89.9      5   0.00     90     17  473.6  473.7  473.6
   43.0  21420  -67.2  -89.5      3   0.00     95     45  506.1  506.2  506.1
   42.1  21546  -66.5  -89.5      3   0.00     94     45  510.9  510.9  510.9
   39.0  22007  -67.5  -89.9      3   0.00     90     43  519.6  519.7  519.6
   37.2  22291  -68.1  -90.1      3   0.00     92     46  525.1  525.2  525.1
   31.6  23287  -60.9  -88.9      1   0.00     98     56  569.5  569.6  569.5
   30.0  23610  -60.9  -88.9      1   0.00    100     59  578.0  578.1  578.0
   26.0  24503  -59.3  -88.2      1   0.01     95     68  606.8  606.8  606.8
   25.6  24600  -59.1  -88.1      1   0.01                610.0  610.0  610.0

                         Station identifier: SBMN
                             Station number: 82332
                           Observation time: 260119/0000
                           Station latitude: -3.15
                          Station longitude: -59.98
                          Station elevation: 84.0
                            Showalter index: 1.66
                               Lifted index: -1.90
    LIFT computed using virtual temperature: -2.42
                                SWEAT index: 223.20
                                    K index: 31.40
                         Cross totals index: 18.40
                      Vertical totals index: 22.30
                        Totals totals index: 40.70
      Convective Available Potential Energy: 1454.75
             CAPE using virtual temperature: 1607.34
                      Convective Inhibition: -27.27
             CINS using virtual temperature: -17.84
                           Equilibrum Level: 148.69
 Equilibrum Level using virtual temperature: 148.69
                   Level of Free Convection: 836.63
             LFCT using virtual temperature: 865.08
                     Bulk Richardson Number: 4013.50
          Bulk Richardson Number using CAPV: 4434.48
  Temp [K] of the Lifted Condensation Level: 294.63
Pres [hPa] of the Lifted Condensation Level: 919.15
   Equivalent potential temp [K] of the LCL: 354.80
     Mean mixed layer potential temperature: 301.83
              Mean mixed layer mixing ratio: 17.91
              1000 hPa to 500 hPa thickness: 5807.00
Precipitable water [mm] for entire sounding: 58.11
