82332 SBMN Manaus (Aeroporto) Observations at 00Z 11 Mar 2026
-----------------------------------------------------------------------------
   PRES   HGHT   TEMP   DWPT   RELH   MIXR   DRCT   SKNT   THTA   THTE   THTV
    hPa     m      C      C      %    g/kg    deg   knot     K      K      K 
-----------------------------------------------------------------------------
 1000.0     84   27.2   21.2     70  16.13     20      4  300.4  347.9  303.2
  972.0    336   26.6   21.6     74  17.03     42      5  302.2  352.7  305.3
  925.0    773   23.2   21.8     92  18.14     80      7  303.0  357.1  306.3
  921.0    811   23.0   21.6     92  17.99     79      8  303.2  356.8  306.4
  899.0   1021   21.9   19.9     88  16.51     75     11  304.1  353.5  307.1
  850.0   1509   19.2   15.8     81  13.46     80     16  306.2  346.9  308.7
  784.0   2200   15.0   12.3     84  11.57     90     22  308.9  344.3  311.1
  772.0   2332   14.2   11.6     84  11.24     90     21  309.4  343.9  311.5
  766.0   2398   14.1   11.2     83  10.99     90     20  309.9  343.8  312.0
  756.0   2509   13.8   10.4     80  10.59     70     16  310.9  343.6  312.9
  727.0   2840   13.2    8.2     72   9.47     80     15  313.7  343.4  315.4
  700.0   3158   11.0    6.8     75   8.93     90     14  314.6  342.8  316.3
  675.0   3460    9.3    4.7     73   7.99    100     18  316.1  341.5  317.6
  658.0   3673    8.2    3.2     71   7.37    103     17  317.1  340.7  318.5
  617.0   4200    3.2    2.8     97   7.65    109     15  317.2  341.7  318.7
  611.0   4279    3.0    2.2     95   7.42    110     15  317.9  341.7  319.3
  565.0   4912    1.2   -2.3     78   5.76     70     10  323.0  342.0  324.1
  560.0   4984    1.0   -2.8     76   5.59     71     11  323.5  342.1  324.6
  551.0   5115    1.4   -4.6     64   4.96     73     12  325.5  342.2  326.5
  541.0   5262    0.6   -6.4     59   4.40     75     13  326.3  341.2  327.1
  514.0   5671   -2.3   -5.5     79   4.97     80     17  327.6  344.4  328.6
  500.0   5890   -3.7   -8.7     68   3.99     90     17  328.5  342.2  329.3
  491.0   6033   -4.9   -9.2     72   3.90    125     15  328.7  342.1  329.5
  483.0   6162   -3.9  -10.9     58   3.47    138     13  331.5  343.6  332.2
  461.0   6523   -6.4  -12.5     62   3.19    175      6  332.8  344.0  333.4
  414.0   7354  -12.2  -16.3     72   2.60    145     10  335.7  345.1  336.2
  400.0   7620  -14.1  -17.5     75   2.43    160     11  336.6  345.4  337.1
  388.0   7851  -15.5  -18.4     78   2.32    171     11  337.7  346.2  338.2
  384.0   7929  -15.8  -19.4     74   2.15    175     11  338.2  346.2  338.7
  376.0   8087  -16.5  -21.5     65   1.84    166     13  339.4  346.2  339.8
  357.0   8471  -19.8  -23.7     71   1.59    145     17  340.1  346.1  340.4
  331.0   9031  -24.5  -27.0     80   1.27    149     20  341.0  345.9  341.3
  300.0   9740  -29.5  -32.0     79   0.88    155     24  343.7  347.1  343.9
  293.0   9906  -30.7  -33.5     76   0.77    165     26  344.3  347.4  344.4
  277.0  10302  -33.6  -37.2     70   0.57    175     19  345.6  348.0  345.8
  258.0  10803  -37.3  -41.8     63   0.38    168     20  347.3  348.9  347.4
  250.0  11020  -39.1  -43.3     64   0.33    165     21  347.8  349.2  347.9
  234.0  11465  -43.0  -46.6     67   0.25    160     16  348.5  349.6  348.6
  223.0  11788  -45.8  -49.0     70   0.20    130     14  349.0  349.9  349.0
  220.0  11879  -46.6  -49.7     71   0.19    120     16  349.1  349.9  349.2
  211.0  12160  -49.1  -51.8     73   0.15    118     20  349.5  350.1  349.5
  200.0  12510  -51.9  -57.9     48   0.08    115     24  350.4  350.8  350.4
  198.0  12575  -52.3  -58.3     48   0.07    115     24  350.8  351.1  350.8
  161.0  13872  -64.1  -71.1     38   0.02    115     34  352.3  352.4  352.3
  156.0  14063  -65.8  -71.8     43   0.02    115     35  352.6  352.6  352.6
  150.0  14300  -67.9  -72.7     50   0.01    120     33  352.9  353.0  352.9
  133.0  14995  -72.4  -77.6     46   0.01    115     19  357.3  357.3  357.3
  127.0  15261  -74.1  -79.4     44   0.01     85     15  358.9  358.9  358.9
  119.0  15637  -76.6  -82.1     42   0.00    305      1  361.1  361.2  361.1
  101.0  16585  -82.7  -88.7     35   0.00    235      6  366.7  366.7  366.7
  100.0  16640  -82.1  -88.1     36   0.00    235      6  368.9  368.9  368.9
   98.0  16754  -81.4  -87.8     33   0.00    175     13  372.3  372.3  372.3
   95.3  16911  -80.5  -87.5     31   0.00    171     25  377.1  377.1  377.1
   95.0  16929  -80.6  -87.6     31   0.00    170     26  377.2  377.3  377.2
   90.0  17230  -82.3  -88.6     34   0.00    170     18  379.7  379.7  379.7
   80.9  17825  -85.7  -90.6     42   0.00    130     17  384.5  384.5  384.5
   78.0  18025  -85.9  -91.7     35   0.00    125     15  388.2  388.2  388.2
   77.5  18061  -85.9  -91.9     34   0.00    127     16  388.8  388.8  388.8
   75.0  18243  -83.0  -90.2     29   0.00    140     22  398.5  398.5  398.5
   73.2  18379  -80.9  -88.9     25   0.00    133     25  405.8  405.8  405.8
   70.0  18630  -82.1  -90.1     25   0.00    120     31  408.4  408.4  408.4
   66.4  18925  -83.9  -92.9     20   0.00    116     37  410.7  410.7  410.7
   66.0  18959  -83.0  -92.5     19   0.00    115     38  413.3  413.3  413.3
   62.1  19306  -74.5  -88.5     10   0.00     71     16  439.5  439.5  439.5
   62.0  19316  -74.5  -88.5     10   0.00     70     15  439.6  439.6  439.6
   60.0  19505  -75.3  -89.3     10   0.00     50     11  442.0  442.0  442.0
   58.0  19702  -76.1  -90.1     10   0.00     30      7  444.5  444.5  444.5
   55.0  20009  -77.4  -91.4      9   0.00     55     14  448.4  448.4  448.4
   54.7  20041  -77.5  -91.5      9   0.00     65     14  448.8  448.8  448.8
   53.0  20223  -76.7  -91.1      9   0.00    120     16  454.7  454.7  454.7
   50.0  20560  -75.3  -90.3      8   0.00    105     22  465.6  465.7  465.6
   47.0  20920  -73.4  -90.3      6   0.00     90     35  478.4  478.5  478.4
   46.8  20945  -73.3  -90.3      6   0.00                479.3  479.4  479.3

                         Station identifier: SBMN
                             Station number: 82332
                           Observation time: 260311/0000
                           Station latitude: -3.15
                          Station longitude: -59.98
                          Station elevation: 84.0
                            Showalter index: 0.49
                               Lifted index: -1.34
    LIFT computed using virtual temperature: -1.75
                                SWEAT index: 238.61
                                    K index: 34.50
                         Cross totals index: 19.50
                      Vertical totals index: 22.90
                        Totals totals index: 42.40
      Convective Available Potential Energy: 498.41
             CAPE using virtual temperature: 587.83
                      Convective Inhibition: -54.16
             CINS using virtual temperature: -46.07
                           Equilibrum Level: 181.59
 Equilibrum Level using virtual temperature: 178.53
                   Level of Free Convection: 792.94
             LFCT using virtual temperature: 813.13
                     Bulk Richardson Number: 35.59
          Bulk Richardson Number using CAPV: 41.98
  Temp [K] of the Lifted Condensation Level: 293.54
Pres [hPa] of the Lifted Condensation Level: 907.22
   Equivalent potential temp [K] of the LCL: 351.95
     Mean mixed layer potential temperature: 301.84
              Mean mixed layer mixing ratio: 16.95
              1000 hPa to 500 hPa thickness: 5806.00
Precipitable water [mm] for entire sounding: 60.89
