82332 SBMN Manaus (Aeroporto) Observations at 12Z 31 Jan 2026
-----------------------------------------------------------------------------
   PRES   HGHT   TEMP   DWPT   RELH   MIXR   DRCT   SKNT   THTA   THTE   THTV
    hPa     m      C      C      %    g/kg    deg   knot     K      K      K 
-----------------------------------------------------------------------------
 1002.0     84   26.4   24.6     90  19.90    240      4  299.4  357.8  302.9
 1000.0    105   26.0   24.7     93  20.06    255      5  299.1  358.0  302.7
  925.0    792   23.0   21.2     90  17.47     70     10  302.8  354.8  306.0
  921.0    830   22.8   20.9     90  17.26     70     10  302.9  354.3  306.1
  865.0   1376   19.2   17.2     88  14.52     75     26  304.7  348.2  307.4
  850.0   1528   18.2   16.2     88  13.82     75     25  305.2  346.7  307.7
  785.0   2200   14.1   13.0     93  12.11     85     26  307.8  344.6  310.0
  745.0   2642   11.3   10.8     97  11.07     70     27  309.5  343.4  311.5
  712.0   3024    9.0    9.0    100  10.22     70     25  310.9  342.5  312.8
  702.0   3142   11.4    4.4     62   7.52     70     25  314.8  338.7  316.2
  700.0   3166   11.4    4.4     62   7.55     75     23  315.1  339.1  316.5
  685.0   3347   10.6    1.6     54   6.31     81     21  316.1  336.4  317.4
  664.0   3602    8.9    0.7     56   6.11     90     18  317.1  336.8  318.2
  596.0   4485    3.1   -2.3     68   5.45     55     14  320.3  338.2  321.3
  560.0   4994   -0.2   -4.0     76   5.09     60     10  322.1  339.0  323.1
  547.0   5186   -1.5   -4.7     79   4.96     62     11  322.8  339.3  323.7
  505.0   5821   -4.1  -13.1     50   2.78     69     15  327.0  336.7  327.6
  500.0   5900   -4.5  -12.5     54   2.94     70     15  327.5  337.7  328.1
  489.0   6074   -5.9  -13.5     55   2.78     70     14  327.9  337.6  328.5
  473.0   6334   -7.9  -14.9     57   2.56     81     14  328.5  337.5  329.0
  469.0   6400   -8.3  -11.1     80   3.51     84     14  328.8  341.0  329.5
  461.0   6532   -9.0  -14.7     63   2.67     90     14  329.6  339.0  330.1
  446.0   6786  -10.3  -21.6     39   1.53     60     14  331.1  336.7  331.4
  428.0   7101  -11.9  -30.3     20   0.72     50     15  333.0  335.8  333.1
  400.0   7620  -14.5  -44.5      6   0.18     30     27  336.1  336.8  336.1
  399.0   7639  -14.5  -44.5      6   0.18     30     28  336.3  337.1  336.3
  376.0   8078  -17.6  -45.8      7   0.17     25     40  337.9  338.6  337.9
  359.0   8421  -20.1  -46.9      7   0.16     20     27  339.1  339.8  339.1
  349.0   8630  -21.6  -47.5      8   0.15     30     20  339.8  340.4  339.8
  334.0   8955  -23.9  -48.5      8   0.14     60     18  340.9  341.5  340.9
  328.0   9089  -24.9  -48.9      9   0.14     63     17  341.4  341.9  341.4
  302.0   9682  -29.5  -43.4     25   0.27     75     12  343.0  344.1  343.1
  300.0   9730  -29.9  -42.9     27   0.29     75     12  343.1  344.3  343.2
  297.0   9801  -30.4  -42.6     30   0.30     70     14  343.3  344.6  343.4
  270.0  10470  -35.7  -39.6     67   0.46    120     15  345.2  347.1  345.3
  262.0  10678  -36.9  -42.9     54   0.33    136     16  346.4  347.8  346.5
  260.0  10731  -37.4  -43.2     54   0.32    140     16  346.5  347.8  346.6
  250.0  11000  -39.7  -44.7     59   0.29    150     16  346.9  348.1  347.0
  234.0  11443  -43.4  -47.5     64   0.22    165     20  347.9  348.9  347.9
  224.0  11736  -45.9  -49.4     67   0.19    150     17  348.5  349.3  348.6
  207.0  12265  -50.3  -52.8     75   0.14    157     16  349.5  350.1  349.5
  202.0  12425  -51.3  -57.3     49   0.08    159     16  350.4  350.8  350.4
  200.0  12490  -52.1  -55.5     67   0.10    160     16  350.1  350.6  350.1
  198.0  12555  -52.7  -54.9     77   0.11    161     15  350.2  350.7  350.2
  195.0  12653  -53.5  -57.3     63   0.08    162     14  350.4  350.8  350.4
  193.0  12719  -53.9  -64.9     25   0.03    162     14  350.8  351.0  350.8
  187.0  12920  -55.7  -63.7     36   0.04    165     11  351.1  351.3  351.1
  186.0  12954  -56.0  -62.3     45   0.05    165     11  351.1  351.3  351.1
  184.0  13022  -56.7  -59.6     70   0.07    159     11  351.1  351.4  351.1
  163.0  13776  -63.3  -66.2     68   0.03     90     10  352.4  352.5  352.4
  160.0  13889  -64.2  -67.8     61   0.03     80     10  352.7  352.8  352.7
  150.0  14280  -67.5  -73.5     42   0.01     70      9  353.6  353.7  353.6
  141.0  14649  -70.3  -76.9     37   0.01     75     10  355.0  355.0  355.0
  135.0  14908  -72.3  -79.3     34   0.01     33     10  355.9  355.9  355.9
  120.0  15581  -77.2  -83.3     37   0.00    280     10  359.2  359.2  359.2
  102.0  16510  -83.9  -88.8     43   0.00    190      9  363.3  363.3  363.3
  100.0  16620  -83.5  -88.5     42   0.00    190      9  366.2  366.2  366.2
   96.0  16846  -84.8  -89.2     46   0.00    155     13  368.0  368.0  368.0
   94.0  16962  -85.4  -89.6     48   0.00    155     19  368.9  368.9  368.9
   93.8  16974  -85.5  -89.6     48   0.00    155     19  369.0  369.0  369.0
   86.0  17453  -85.0  -90.4     38   0.00     80     24  379.4  379.4  379.4
   83.0  17649  -84.7  -90.7     35   0.00     50     20  383.7  383.7  383.7
   80.0  17852  -84.5  -91.0     31   0.00     35     14  388.2  388.2  388.2
   79.0  17922  -84.4  -91.2     30   0.00     60     11  389.8  389.8  389.8
   77.7  18013  -84.3  -91.3     29   0.00     83     18  391.9  391.9  391.9
   77.0  18064  -83.5  -90.9     27   0.00     95     22  394.4  394.4  394.4
   73.5  18324  -79.7  -88.7     22   0.00     82     39  407.8  407.9  407.8
   73.0  18363  -79.9  -88.9     22   0.00     80     41  408.2  408.2  408.2
   70.0  18600  -81.3  -90.3     21   0.00     80     38  410.1  410.1  410.1
   68.5  18722  -81.1  -91.1     18   0.00     86     35  413.1  413.1  413.1
   65.0  19024  -77.3  -90.5     11   0.00    100     29  427.6  427.6  427.6
   61.1  19379  -72.9  -89.9      6   0.00     86     24  445.1  445.1  445.1
   58.0  19684  -73.9  -89.7      7   0.00     75     20  449.5  449.5  449.5
   56.2  19868  -74.5  -89.5      8   0.00     75     19  452.2  452.2  452.2
   55.0  19994  -74.4  -89.6      8   0.00     75     18  455.2  455.2  455.2
   50.0  20550  -73.9  -89.9      7   0.00     75     18  468.9  469.0  468.9
   49.0  20669  -73.6  -90.0      7   0.00     70     19  472.4  472.4  472.4
   46.0  21041  -72.5  -90.2      6   0.00    105     30  483.5  483.5  483.5
   38.6  22075  -69.7  -90.7      3   0.00     94     49  515.6  515.6  515.6
   36.0  22499  -67.1  -90.3      2   0.00     90     57  532.7  532.7  532.7
   33.0  23029  -63.9  -89.8      2   0.00    100     60  554.7  554.7  554.7
   31.0  23410  -61.5  -89.5      1   0.00     90     69  571.0  571.0  571.0
   30.0  23610  -60.3  -89.3      1   0.00     85     64  579.7  579.7  579.7
   29.8  23652  -60.1  -89.1      1   0.00     85     64  581.3  581.4  581.3
   22.9  25309  -56.3  -87.3      1   0.01     85     66  637.9  638.0  637.9
   22.0  25563  -56.6  -86.8      1   0.01     85     66  644.3  644.4  644.3
   21.8  25621  -56.7  -86.7      1   0.01     85     63  645.8  645.9  645.8
   21.0  25860  -54.0  -85.8      1   0.01     85     53  660.8  660.9  660.8
   20.5  26015  -52.3  -85.3      1   0.01                670.6  670.7  670.6

                         Station identifier: SBMN
                             Station number: 82332
                           Observation time: 260131/1200
                           Station latitude: -3.15
                          Station longitude: -59.98
                          Station elevation: 84.0
                            Showalter index: -0.25
                               Lifted index: -3.73
    LIFT computed using virtual temperature: -4.45
                                SWEAT index: 259.40
                                    K index: 31.90
                         Cross totals index: 20.70
                      Vertical totals index: 22.70
                        Totals totals index: 43.40
      Convective Available Potential Energy: 1853.24
             CAPE using virtual temperature: 2054.31
                      Convective Inhibition: -11.51
             CINS using virtual temperature: -8.06
                           Equilibrum Level: 131.38
 Equilibrum Level using virtual temperature: 131.21
                   Level of Free Convection: 888.79
             LFCT using virtual temperature: 900.52
                     Bulk Richardson Number: 50.83
          Bulk Richardson Number using CAPV: 56.35
  Temp [K] of the Lifted Condensation Level: 296.31
Pres [hPa] of the Lifted Condensation Level: 953.70
   Equivalent potential temp [K] of the LCL: 356.75
     Mean mixed layer potential temperature: 300.39
              Mean mixed layer mixing ratio: 19.17
              1000 hPa to 500 hPa thickness: 5795.00
Precipitable water [mm] for entire sounding: 57.75
