82332 SBMN Manaus (Aeroporto) Observations at 12Z 12 Feb 2026
-----------------------------------------------------------------------------
   PRES   HGHT   TEMP   DWPT   RELH   MIXR   DRCT   SKNT   THTA   THTE   THTV
    hPa     m      C      C      %    g/kg    deg   knot     K      K      K 
-----------------------------------------------------------------------------
 1004.0     84   24.6   22.1     86  17.00     30      4  297.4  346.8  300.4
 1000.0    118   24.4   21.6     84  16.54     30      4  297.6  345.6  300.5
  992.0    189   23.8   21.1     85  16.16     38      9  297.6  344.6  300.5
  974.0    350   25.6   19.6     69  14.97     55     22  301.0  345.2  303.7
  948.0    587   23.7   19.6     77  15.34     35     22  301.4  346.8  304.2
  925.0    803   22.0   19.5     86  15.68     40     22  301.8  348.2  304.6
  895.0   1089   19.9   18.5     92  15.21     55     19  302.5  347.6  305.2
  869.0   1344   18.0   17.6     98  14.80     55     22  303.1  347.1  305.8
  850.0   1534   17.2   15.4     89  13.11     55     24  304.1  343.4  306.5
  811.0   1933   15.5    8.6     63   8.74     60     29  306.5  333.2  308.1
  781.0   2254   14.2    3.2     48   6.20     56     27  308.4  327.7  309.5
  757.0   2517   12.6    8.3     75   9.16     53     26  309.4  337.7  311.1
  735.0   2763   11.4    7.5     77   8.91     50     24  310.7  338.4  312.4
  700.0   3171    9.4    6.1     80   8.51     60     14  312.9  339.5  314.5
  692.0   3266    8.7    5.5     80   8.22     60     13  313.1  338.9  314.7
  671.0   3521    6.8    3.7     81   7.49     40     10  313.8  337.4  315.2
  661.0   3645    6.8    2.2     72   6.83     44     10  315.1  336.9  316.4
  631.0   4020    4.6    0.8     76   6.45     55     12  316.8  337.6  318.0
  591.0   4549    1.5   -1.3     82   5.94     60      1  319.2  338.6  320.3
  536.0   5338   -3.1   -4.3     92   5.23    155     12  322.7  340.1  323.7
  527.0   5475   -3.9   -4.8     93   5.11    149     12  323.3  340.4  324.3
  514.0   5672   -4.3   -8.0     75   4.10    140     13  325.2  339.0  326.0
  500.0   5890   -5.7   -8.7     79   3.99    130     14  326.0  339.6  326.8
  483.0   6159   -7.7   -9.4     88   3.90    110     12  326.8  340.1  327.5
  475.0   6289   -8.7   -9.8     92   3.86    130     10  327.1  340.3  327.9
  467.0   6421   -9.7  -10.1     97   3.82    133     10  327.5  340.6  328.2
  404.0   7525  -15.5  -18.1     80   2.29    163      5  333.8  342.1  334.3
  400.0   7600  -16.3  -18.8     81   2.18    165      5  333.7  341.6  334.2
  375.0   8083  -20.5  -21.8     89   1.79    162      8  334.4  340.9  334.7
  364.0   8304  -20.7  -31.7     37   0.74    161      9  337.0  339.9  337.1
  354.0   8510  -22.3  -33.3     36   0.66    160     10  337.5  340.1  337.6
  343.0   8742  -23.7  -25.5     85   1.41    180     12  338.6  344.0  338.9
  336.0   8892  -24.7  -31.7     52   0.81    175     13  339.3  342.4  339.5
  317.0   9315  -27.3  -42.3     23   0.29    162     16  341.4  342.6  341.4
  314.0   9383  -27.7  -45.7     16   0.20    160     16  341.7  342.6  341.8
  301.0   9686  -30.5  -38.5     45   0.46    151     18  341.9  343.8  342.0
  300.0   9710  -30.7  -38.7     45   0.45    150     18  342.0  343.8  342.1
  288.0   9997  -32.7  -45.7     26   0.22    143     20  343.1  344.1  343.2
  276.0  10292  -35.3  -44.4     39   0.27    135     22  343.6  344.8  343.7
  267.0  10522  -37.3  -43.3     54   0.31    140     22  343.9  345.2  344.0
  250.0  10970  -41.1  -48.1     47   0.20    150     22  344.8  345.7  344.9
  234.0  11417  -45.0  -48.9     65   0.19    125     22  345.6  346.4  345.6
  231.0  11504  -45.7  -49.0     69   0.19    126     22  345.7  346.5  345.8
  221.0  11798  -48.5  -51.7     69   0.15    129     23  345.8  346.4  345.8
  213.0  12041  -50.1  -58.1     38   0.07    131     24  347.0  347.3  347.0
  200.0  12450  -53.9  -57.3     66   0.08    135     26  347.2  347.6  347.3
  199.0  12482  -54.3  -57.6     67   0.08    137     26  347.1  347.5  347.1
  194.0  12641  -55.7  -59.2     65   0.07    145     29  347.4  347.7  347.4
  166.0  13611  -64.5  -69.1     53   0.02    145     23  348.5  348.6  348.5
  158.0  13918  -67.3  -72.2     50   0.01    155     22  348.7  348.8  348.8
  154.0  14072  -68.4  -72.9     52   0.01    160     22  349.4  349.5  349.5
  150.0  14230  -69.5  -73.7     54   0.01    150     18  350.2  350.2  350.2
  144.0  14470  -71.6  -75.3     57   0.01    135     18  350.6  350.7  350.6
  135.0  14850  -74.9  -77.9     63   0.01    142     12  351.3  351.3  351.3
  131.0  15024  -76.1  -80.0     54   0.01    146      9  352.2  352.2  352.2
  126.0  15248  -76.8  -81.5     47   0.00    150      5  355.0  355.0  355.0
  119.0  15576  -77.7  -83.7     38   0.00    144      5  359.1  359.1  359.1
  108.0  16126  -80.6  -85.9     41   0.00    135      6  363.7  363.7  363.7
  105.0  16285  -81.4  -86.5     42   0.00    150     11  365.1  365.1  365.1
  104.0  16340  -81.7  -86.7     43   0.00    145     14  365.5  365.5  365.5
  100.0  16560  -80.7  -87.7     31   0.00    115     28  371.6  371.6  371.6
   95.0  16849  -79.8  -88.6     22   0.00     90     35  378.8  378.8  378.8
   94.5  16878  -79.7  -88.7     22   0.00     88     34  379.6  379.6  379.6
   91.6  17056  -75.3  -87.3     14   0.00     74     29  391.7  391.7  391.7
   86.0  17420  -75.2  -88.5     11   0.00     45     18  399.1  399.1  399.1
   85.0  17488  -75.1  -88.7     11   0.00     30     13  400.5  400.5  400.5
   83.4  17598  -75.1  -89.1     10   0.00    352     10  402.7  402.7  402.7
   79.0  17908  -77.0  -90.3     11   0.00    245      3  405.1  405.1  405.1
   77.0  18055  -77.9  -90.9     11   0.00    192      8  406.2  406.2  406.2
   76.0  18130  -77.7  -90.8     11   0.00    165     10  408.1  408.1  408.1
   73.0  18360  -77.1  -90.7     10   0.00    130     19  414.1  414.1  414.1
   70.0  18600  -76.5  -90.5      9   0.00    110     26  420.4  420.4  420.4
   67.0  18855  -75.9  -90.5      9   0.00    105     17  426.9  426.9  426.9
   64.0  19122  -75.3  -90.4      8   0.00     70     17  433.9  433.9  433.9
   60.0  19498  -74.5  -90.3      7   0.00     70     11  443.8  443.9  443.8
   54.0  20112  -73.1  -90.2      6   0.00     75      5  460.6  460.6  460.6
   53.0  20221  -72.9  -90.2      6   0.00    130     12  463.6  463.6  463.6
   50.0  20560  -72.1  -90.1      5   0.00    120     19  473.2  473.2  473.2
   42.7  21493  -71.1  -91.1      4   0.00    102     39  497.5  497.5  497.5
   40.0  21888  -69.4  -91.1      3   0.00     95     47  511.0  511.0  511.0
   35.0  22697  -66.0  -91.1      2   0.00     90     59  539.8  539.8  539.8
   32.0  23239  -63.8  -91.1      1   0.00     90     52  559.9  559.9  559.9
   30.0  23630  -62.1  -91.1      1   0.00     85     60  574.8  574.8  574.8
   29.0  23841  -61.5  -90.8      1   0.00     85     61  582.0  582.0  582.0
   24.1  24995  -58.3  -89.3      1   0.01    100     77  622.9  623.0  622.9
   24.0  25022  -58.0  -89.2      1   0.01    100     77  624.6  624.7  624.6
   23.5  25156  -56.3  -88.5      1   0.01    100     77  633.3  633.4  633.3
   22.2  25519  -51.7  -86.7      1   0.01    100     55  657.3  657.4  657.3
   22.0                                       100     52                     

                         Station identifier: SBMN
                             Station number: 82332
                           Observation time: 260212/1200
                           Station latitude: -3.15
                          Station longitude: -59.98
                          Station elevation: 84.0
                            Showalter index: -0.18
                               Lifted index: -0.98
    LIFT computed using virtual temperature: -1.22
                                SWEAT index: 246.82
                                    K index: 35.00
                         Cross totals index: 21.10
                      Vertical totals index: 22.90
                        Totals totals index: 44.00
      Convective Available Potential Energy: 212.46
             CAPE using virtual temperature: 263.18
                      Convective Inhibition: -76.14
             CINS using virtual temperature: -48.15
                           Equilibrum Level: 330.21
 Equilibrum Level using virtual temperature: 326.75
                   Level of Free Convection: 693.74
             LFCT using virtual temperature: 812.61
                     Bulk Richardson Number: 110.97
          Bulk Richardson Number using CAPV: 137.47
  Temp [K] of the Lifted Condensation Level: 292.36
Pres [hPa] of the Lifted Condensation Level: 915.92
   Equivalent potential temp [K] of the LCL: 345.45
     Mean mixed layer potential temperature: 299.81
              Mean mixed layer mixing ratio: 15.57
              1000 hPa to 500 hPa thickness: 5772.00
Precipitable water [mm] for entire sounding: 54.72
