82332 SBMN Manaus (Aeroporto) Observations at 12Z 09 Jan 2026
-----------------------------------------------------------------------------
   PRES   HGHT   TEMP   DWPT   RELH   MIXR   DRCT   SKNT   THTA   THTE   THTV
    hPa     m      C      C      %    g/kg    deg   knot     K      K      K 
-----------------------------------------------------------------------------
 1003.0     84   24.2   23.4     95  18.45     80      4  297.1  350.7  300.4
 1000.0    109   24.0   23.0     94  18.05     75      7  297.1  349.6  300.4
  969.0    385   23.9   20.4     81  15.88     90     20  299.7  346.4  302.6
  957.0    495   23.9   19.4     76  15.08     80     22  300.8  345.2  303.5
  938.0    671   23.8   17.8     69  13.86     69     22  302.4  343.6  304.9
  931.0    736   23.4   17.9     71  14.07     65     22  302.6  344.5  305.2
  925.0    793   23.0   18.0     73  14.24     65     22  302.8  345.2  305.4
  865.0   1374   19.4   14.8     75  12.41     70     25  304.9  342.2  307.1
  850.0   1525   18.4   14.0     76  11.96     70     23  305.4  341.5  307.6
  818.0   1854   16.4   10.4     68   9.77     82     21  306.7  336.4  308.5
  796.0   2085   15.5    9.5     67   9.43     90     20  308.1  337.0  309.8
  758.0   2500   13.8    7.8     67   8.83     77     18  310.6  338.0  312.2
  712.0   3025   10.0    6.4     78   8.53     60     15  312.0  338.7  313.6
  700.0   3167    9.0    6.0     81   8.45     70     13  312.4  338.9  314.0
  689.0   3298    8.0    5.9     87   8.53     75     12  312.7  339.4  314.3
  676.0   3455    6.8    5.8     93   8.63     48     10  313.1  340.1  314.7
  637.0   3937    4.3    3.6     95   7.85    325      3  315.6  340.6  317.1
  582.0   4670    0.5    0.3     99   6.77      0     10  319.4  341.4  320.7
  560.0   4982   -1.1   -1.1    100   6.35     23      8  321.1  341.8  322.3
  500.0   5880   -5.3   -6.2     93   4.84     90      4  326.5  342.9  327.5
  428.0   7086  -12.3  -13.2     93   3.25      4      0  332.4  343.9  333.1
  425.0   7139  -12.6  -13.6     93   3.18      0      0  332.7  343.9  333.3
  400.0   7600  -15.5  -16.6     91   2.63     10      5  334.8  344.2  335.3
  347.0   8659  -22.7  -23.2     96   1.71     69      8  338.9  345.3  339.2
  300.0   9710  -30.9  -33.5     78   0.76    130     12  341.7  344.7  341.9
  298.0   9757  -31.3  -33.9     78   0.73    130     12  341.8  344.7  341.9
  269.0  10474  -37.5  -40.3     75   0.43    125     14  342.9  344.7  343.0
  261.0  10685  -39.3  -42.2     74   0.36    127     14  343.2  344.7  343.3
  253.0  10898  -40.9  -45.1     64   0.27    130     15  344.0  345.1  344.0
  251.0  10953  -41.3  -45.8     62   0.25    140     13  344.1  345.2  344.2
  250.0  10980  -41.3  -45.3     65   0.27    145     12  344.5  345.7  344.6
  248.0  11034  -41.7  -44.0     78   0.31    149     12  344.7  346.0  344.8
  235.0  11396  -44.5  -52.5     40   0.13    178     11  345.8  346.4  345.9
  230.0  11536  -45.7  -53.2     43   0.12    190     10  346.1  346.6  346.1
  200.0  12450  -53.7  -57.8     61   0.08    220     14  347.6  347.9  347.6
  193.0  12677  -55.7  -57.4     81   0.08    235     14  347.9  348.3  347.9
  191.0  12743  -56.3  -58.8     74   0.07    240     14  348.0  348.3  348.0
  185.0  12944  -58.1  -62.9     54   0.04    239     16  348.3  348.5  348.3
  150.0  14230  -68.1  -73.0     49   0.01    235     30  352.6  352.6  352.6
  143.0  14514  -70.5  -75.4     48   0.01    245     29  353.2  353.2  353.2
  137.0  14769  -72.7  -77.6     48   0.01    241     30  353.7  353.8  353.7
  130.0  15074  -73.9  -79.6     41   0.01    235     32  356.9  356.9  356.9
  125.0  15302  -74.8  -81.2     37   0.00    225     30  359.3  359.3  359.3
  113.0  15889  -77.1  -85.1     27   0.00    159     19  365.5  365.5  365.5
  101.0  16533  -77.7  -87.7     19   0.00     85      6  376.3  376.3  376.3
  100.0  16590  -77.7  -87.7     19   0.00     40      4  377.4  377.4  377.4
   94.0  16936  -79.7  -89.0     21   0.00    320     10  380.1  380.2  380.1
   91.0  17118  -80.8  -89.6     22   0.00    325     17  381.6  381.6  381.6
   90.0  17180  -81.1  -89.8     22   0.00    320     18  382.1  382.1  382.1
   83.0  17633  -83.7  -91.5     25   0.00    290     10  385.7  385.7  385.7
   80.0  17839  -84.9  -92.2     27   0.00    315      4  387.3  387.3  387.3
   78.1  17973  -85.7  -92.7     28   0.00     65     11  388.4  388.4  388.4
   78.0  17980  -85.4  -92.5     28   0.00     65     11  389.1  389.1  389.1
   76.9  18059  -82.5  -90.5     25   0.00     73     15  396.8  396.8  396.8
   76.0  18125  -81.8  -90.5     22   0.00     80     18  399.5  399.5  399.5
   73.0  18353  -79.5  -90.3     16   0.00     40     11  409.0  409.0  409.0
   70.0  18590  -77.1  -90.1     11   0.00     65     17  419.1  419.1  419.1
   69.0  18674  -75.9  -89.8     10   0.00     65     17  423.4  423.4  423.4
   67.0  18846  -73.5  -89.1      8   0.00     40     11  432.2  432.2  432.2
   64.3  19087  -70.1  -88.1      6   0.00    119      7  444.8  444.8  444.8
   61.0  19401  -70.3  -87.9      6   0.00    220      3  450.9  451.0  450.9
   59.0  19599  -70.5  -87.8      6   0.00    165     11  454.9  454.9  454.9
   56.5  19857  -70.7  -87.7      7   0.00    137     19  460.1  460.1  460.1
   53.0  20240  -67.7  -88.5      4   0.00     95     31  475.6  475.6  475.6
   52.8  20262  -67.5  -88.5      4   0.00     91     31  476.5  476.6  476.5
   52.0  20354  -67.9  -88.3      4   0.00     75     31  477.7  477.7  477.7
   50.0  20590  -68.9  -87.9      5   0.00     60     31  480.7  480.7  480.7
   45.0  21217  -70.0  -89.0      5   0.00     90     28  492.6  492.7  492.6
   43.1  21474  -70.5  -89.5      5   0.00     99     33  497.6  497.6  497.6
   42.0  21627  -70.2  -90.0      4   0.00    105     36  502.2  502.2  502.2
   40.6  21829  -69.7  -90.7      3   0.00    102     49  508.2  508.2  508.2
   40.0  21918  -65.9  -89.5      2   0.00    100     54  519.8  519.8  519.8
   39.9  21933  -65.3  -89.3      2   0.00     99     54  521.8  521.8  521.8
   37.0  22391  -66.0  -89.5      2   0.00     80     50  531.4  531.4  531.4
   34.0  22903  -66.7  -89.8      3   0.00    100     48  542.4  542.4  542.4
   33.4  23011  -66.9  -89.9      3   0.00     99     49  544.7  544.8  544.7
   30.0  23660  -65.9  -89.9      2   0.00     95     58  564.4  564.5  564.4
   29.0  23866  -65.9  -89.9      2   0.00     91     60  569.9  570.0  569.9
   26.0  24538  -60.9  -88.1      2   0.01     80     68  602.0  602.1  602.0
   25.5  24658  -60.1  -87.8      2   0.01     80     68  607.9  608.0  607.9
   25.3  24706  -59.7  -87.7      1   0.01     80     68  610.3  610.4  610.3
   25.0                                        80     67                     

                         Station identifier: SBMN
                             Station number: 82332
                           Observation time: 260109/1200
                           Station latitude: -3.15
                          Station longitude: -59.98
                          Station elevation: 84.0
                            Showalter index: 0.99
                               Lifted index: -1.11
    LIFT computed using virtual temperature: -1.25
                                SWEAT index: 218.00
                                    K index: 34.70
                         Cross totals index: 19.30
                      Vertical totals index: 23.70
                        Totals totals index: 43.00
      Convective Available Potential Energy: 330.30
             CAPE using virtual temperature: 366.37
                      Convective Inhibition: -122.43
             CINS using virtual temperature: -84.73
                           Equilibrum Level: 239.21
 Equilibrum Level using virtual temperature: 238.63
                   Level of Free Convection: 719.60
             LFCT using virtual temperature: 736.51
                     Bulk Richardson Number: 101.48
          Bulk Richardson Number using CAPV: 112.56
  Temp [K] of the Lifted Condensation Level: 293.38
Pres [hPa] of the Lifted Condensation Level: 933.39
   Equivalent potential temp [K] of the LCL: 346.88
     Mean mixed layer potential temperature: 299.24
              Mean mixed layer mixing ratio: 16.33
              1000 hPa to 500 hPa thickness: 5771.00
Precipitable water [mm] for entire sounding: 57.13
