82332 SBMN Manaus (Aeroporto) Observations at 12Z 13 Mar 2026
-----------------------------------------------------------------------------
   PRES   HGHT   TEMP   DWPT   RELH   MIXR   DRCT   SKNT   THTA   THTE   THTV
    hPa     m      C      C      %    g/kg    deg   knot     K      K      K 
-----------------------------------------------------------------------------
 1004.0     84   24.6   23.2     92  18.21     80      2  297.4  350.3  300.6
 1000.0    116   24.2   23.2     94  18.28     80      2  297.4  350.5  300.6
  983.0    267   22.8   22.7     99  18.03     82      6  297.4  349.8  300.6
  975.0    339   22.6   21.2     92  16.55     82      7  297.9  346.1  300.9
  952.0    548   24.4   16.4     61  12.47     84     12  301.8  338.8  304.0
  945.0    613   24.1   16.4     62  12.53     85     14  302.1  339.3  304.4
  925.0    801   23.2   16.2     65  12.68     90     13  303.0  340.9  305.3
  915.0    896   23.2   14.2     57  11.24     92     12  304.0  337.7  306.0
  901.0   1029   22.4   13.6     58  10.99     95     10  304.5  337.6  306.5
  887.0   1165   21.6   13.0     58  10.73    120     11  305.0  337.4  307.0
  850.0   1534   19.4   11.4     60  10.05     95      7  306.4  337.1  308.3
  700.0   3175    8.6    6.2     85   8.57    205      4  312.0  338.7  313.6
  673.0   3500    6.8    4.8     87   8.08    320      1  313.5  338.9  315.0
  622.0   4146    3.6    2.3     91   7.32      2      8  317.0  340.4  318.4
  607.0   4342    2.4    1.1     91   6.88     15     10  317.8  340.0  319.1
  555.0   5063   -2.0   -3.3     91   5.45    330     11  320.9  338.8  321.9
  549.0   5151   -2.5   -3.8     91   5.29    342     12  321.2  338.7  322.3
  538.0   5311   -3.1   -5.6     83   4.71      5     13  322.4  338.1  323.3
  524.0   5519   -3.8   -7.9     73   4.04    345     14  324.0  337.6  324.8
  500.0   5890   -5.1  -12.1     58   3.04    355     15  326.8  337.3  327.4
  495.0   5969   -5.7  -11.3     64   3.26    355     18  327.0  338.2  327.6
  490.0   6048   -6.3  -10.6     72   3.50    359     17  327.2  339.2  327.9
  486.0   6113   -6.5  -16.5     45   2.18      1     17  327.7  335.4  328.1
  481.0   6193   -7.1  -12.1     67   3.16      5     16  327.9  338.9  328.6
  467.0   6423   -8.1  -12.8     69   3.08     30     16  329.5  340.3  330.1
  455.0   6626   -8.9  -13.4     70   3.01     12     14  330.9  341.5  331.5
  431.0   7040  -12.0  -14.8     79   2.82    335     11  332.2  342.2  332.8
  405.0   7516  -15.5  -16.5     92   2.61    350     11  333.6  342.9  334.1
  400.0   7610  -16.1  -17.4     90   2.45    335     11  334.0  342.8  334.5
  392.0   7762  -16.8  -18.9     84   2.21    335     11  335.0  343.0  335.4
  380.0   7995  -17.9  -21.1     76   1.88    313      8  336.5  343.4  336.9
  348.0   8647  -22.7  -24.7     83   1.49    250      1  338.6  344.2  338.9
  344.0   8732  -23.3  -25.2     84   1.44    241      1  338.9  344.4  339.2
  300.0   9720  -30.5  -34.3     69   0.70    135      6  342.3  345.1  342.4
  296.0   9815  -31.2  -35.0     69   0.66    120     10  342.6  345.3  342.8
  293.0   9888  -31.7  -35.6     68   0.63    115     13  342.9  345.4  343.0
  287.0  10031  -32.9  -36.7     68   0.58    135     13  343.2  345.6  343.4
  275.0  10328  -35.3  -39.0     69   0.48    105     12  344.0  345.9  344.1
  265.0  10585  -37.4  -41.0     69   0.40    115     15  344.6  346.2  344.6
  250.0  10990  -40.7  -44.1     70   0.31    100     16  345.4  346.7  345.5
  242.0  11204  -42.6  -46.0     69   0.26    110     20  345.8  346.9  345.9
  206.0  12265  -52.0  -55.5     65   0.10     85     28  347.4  347.8  347.4
  200.0  12460  -53.7  -57.3     65   0.08     85     27  347.6  347.9  347.6
  190.0  12787  -56.7  -60.2     64   0.06     83     28  347.9  348.2  347.9
  169.0  13513  -63.1  -67.5     55   0.03     80     31  349.1  349.3  349.1
  161.0  13814  -65.7  -70.5     51   0.02     88     30  349.6  349.7  349.6
  150.0  14240  -68.5  -74.5     42   0.01    100     29  351.9  351.9  351.9
  132.0  14996  -73.9  -83.9     20   0.00    120     39  355.4  355.4  355.4
  127.0  15217  -75.2  -84.6     22   0.00    130     39  357.0  357.0  357.0
  118.0  15637  -77.5  -85.8     26   0.00    110     20  360.2  360.2  360.2
  114.0  15834  -78.7  -86.4     28   0.00     85     11  361.7  361.7  361.7
  111.0  15986  -79.5  -86.9     29   0.00     40      7  362.8  362.8  362.8
  104.0  16358  -81.7  -88.0     34   0.00    285     11  365.6  365.6  365.6
  102.0  16469  -82.3  -88.3     36   0.00    275     11  366.4  366.4  366.4
  100.0  16580  -82.3  -89.3     30   0.00    250      4  368.5  368.5  368.5
   97.0  16750  -82.4  -89.4     30   0.00    120     11  371.5  371.5  371.5
   92.0  17045  -82.5  -89.5     30   0.00    140     29  376.9  376.9  376.9
   81.9  17694  -82.9  -89.9     30   0.00     85     34  388.9  388.9  388.9
   81.0  17755  -82.7  -89.9     29   0.00     80     34  390.4  390.5  390.4
   76.6  18067  -81.9  -89.9     25   0.00     71     29  398.5  398.5  398.5
   76.0  18112  -80.6  -89.8     21   0.00     70     28  402.1  402.1  402.1
   73.6  18295  -75.3  -89.3     10   0.00     61     14  416.9  417.0  416.9
   72.0  18422  -74.3  -89.9      8   0.00     55      4  421.6  421.6  421.6
   71.6  18455  -74.1  -90.1      7   0.00                422.8  422.8  422.8

                         Station identifier: SBMN
                             Station number: 82332
                           Observation time: 260313/1200
                           Station latitude: -3.15
                          Station longitude: -59.98
                          Station elevation: 84.0
                            Showalter index: 3.04
                               Lifted index: -0.35
    LIFT computed using virtual temperature: -0.74
                                SWEAT index: 165.78
                                    K index: 33.50
                         Cross totals index: 16.50
                      Vertical totals index: 24.50
                        Totals totals index: 41.00
      Convective Available Potential Energy: 140.29
             CAPE using virtual temperature: 185.87
                      Convective Inhibition: -176.96
             CINS using virtual temperature: -132.56
                           Equilibrum Level: 336.96
 Equilibrum Level using virtual temperature: 335.72
                   Level of Free Convection: 724.16
             LFCT using virtual temperature: 740.87
                     Bulk Richardson Number: 55.04
          Bulk Richardson Number using CAPV: 72.93
  Temp [K] of the Lifted Condensation Level: 293.13
Pres [hPa] of the Lifted Condensation Level: 936.10
   Equivalent potential temp [K] of the LCL: 345.39
     Mean mixed layer potential temperature: 298.74
              Mean mixed layer mixing ratio: 16.15
              1000 hPa to 500 hPa thickness: 5774.00
Precipitable water [mm] for entire sounding: 52.58
