82332 SBMN Manaus (Aeroporto) Observations at 00Z 22 Feb 2026
-----------------------------------------------------------------------------
   PRES   HGHT   TEMP   DWPT   RELH   MIXR   DRCT   SKNT   THTA   THTE   THTV
    hPa     m      C      C      %    g/kg    deg   knot     K      K      K 
-----------------------------------------------------------------------------
 1000.0     84   25.0   22.9     88  17.94    180      2  298.1  350.5  301.3
  975.3    305   23.9   22.3     91  17.72    135      5  299.2  351.1  302.4
  942.2    610   22.5   21.5     94  17.42     55      8  300.7  352.1  303.8
  936.0    668   22.2   21.3     95  17.37     46      9  301.0  352.2  304.1
  925.0    772   22.2   20.1     88  16.29     30     11  302.0  350.3  304.9
  915.0    867   22.6   18.5     78  14.87     40     13  303.4  347.7  306.1
  910.0    914   22.3   18.1     77  14.54     45     14  303.6  347.0  306.2
  866.0   1345   20.0   14.0     68  11.73     41     13  305.4  340.9  307.6
  850.0   1506   18.8   15.4     81  13.11     40     13  305.8  345.4  308.2
  848.2   1524   18.7   15.3     81  13.10     45     10  305.9  345.4  308.3
  818.5   1829   16.5   14.6     88  12.90     25     12  306.7  345.8  309.1
  798.0   2047   15.0   14.0     94  12.75     36     13  307.3  346.1  309.7
  789.8   2134   15.0   12.0     82  11.26     40     13  308.2  342.6  310.3
  778.0   2262   15.0    9.0     67   9.34     51     15  309.6  338.4  311.3
  762.0   2438   13.8    9.7     77  10.02     65     18  310.1  341.0  311.9
  745.0   2629   12.4   10.5     88  10.81     74     17  310.6  344.0  312.6
  734.9   2743   12.7    7.4     70   8.87     80     17  312.2  339.9  313.9
  733.0   2765   12.8    6.8     67   8.53     80     17  312.5  339.2  314.1
  700.0   3152   11.4    4.4     62   7.55     85     19  315.1  339.1  316.5
  683.4   3353   10.7    3.2     60   7.12     85     18  316.5  339.3  317.8
  663.0   3606    9.8    1.8     57   6.62     56     20  318.2  339.6  319.5
  658.8   3658    9.4    1.7     58   6.60     50     21  318.4  339.7  319.6
  634.9   3962    7.4    0.9     63   6.47     50     16  319.4  340.5  320.7
  611.8   4267    5.3    0.1     69   6.34     70     12  320.5  341.2  321.7
  595.0   4497    3.8   -0.5     74   6.24     72     11  321.2  341.7  322.4
  538.0   5309   -1.3  -11.3     47   3.01     79      8  324.5  334.9  325.1
  528.0   5458   -2.5   -6.6     73   4.44     80      7  324.8  339.8  325.7
  526.2   5486   -2.6   -7.2     71   4.27     80      7  325.0  339.5  325.9
  513.0   5687   -3.3  -11.3     54   3.16     75      8  326.6  337.5  327.2
  500.0   5890   -4.7  -10.7     63   3.40     70     10  327.2  339.0  327.9
  487.0   6096   -5.9  -11.0     68   3.42     65     10  328.2  340.0  328.9
  467.0   6423   -7.9  -11.4     76   3.44     68     11  329.7  341.7  330.4
  463.0   6490   -7.9  -15.9     53   2.40     68     11  330.5  339.1  331.0
  450.2   6706   -9.0  -17.5     50   2.16     70     12  331.8  339.6  332.2
  436.0   6954  -10.3  -19.3     48   1.92     50     11  333.2  340.2  333.6
  432.8   7010  -10.7  -19.2     50   1.94     45     11  333.4  340.4  333.8
  400.0   7610  -15.1  -18.4     76   2.25     85      8  335.3  343.5  335.7
  397.0   7667  -15.5  -18.6     77   2.23     88      8  335.5  343.6  335.9
  383.5   7925  -17.2  -21.8     67   1.75    100     10  336.6  343.1  337.0
  368.2   8230  -19.1  -25.6     56   1.30     90     11  337.9  342.8  338.2
  364.0   8315  -19.7  -26.7     54   1.19     82     11  338.3  342.8  338.5
  353.3   8534  -21.0  -27.1     58   1.18     60     10  339.4  343.9  339.6
  339.0   8839  -22.9  -27.7     65   1.17     65     10  340.9  345.4  341.1
  339.0   8839  -22.9  -27.7     65   1.16     65     10  340.9  345.4  341.1
  300.0   9720  -29.9  -32.7     77   0.82    115     12  343.1  346.4  343.3
  286.1  10058  -32.8  -34.9     81   0.69    115     12  343.6  346.4  343.8
  273.0  10389  -35.7  -37.1     87   0.58    120     11  344.1  346.4  344.2
  250.0  11000  -40.7  -42.8     80   0.35    130      9  345.4  346.9  345.5
  229.2  11582  -45.4  -48.8     69   0.20    150     10  346.9  347.8  346.9
  215.0  12008  -48.9  -53.2     61   0.13    171      7  347.9  348.5  347.9
  209.0  12192  -50.1  -54.6     58   0.11    180      5  348.9  349.4  348.9
  200.0  12480  -51.9  -56.9     55   0.09    230     15  350.4  350.8  350.4
  199.5  12497  -52.0  -57.1     54   0.08    235     13  350.5  350.9  350.5
  190.1  12802  -54.3  -61.3     42   0.05    225     16  351.6  351.9  351.6
  181.3  13106  -56.6  -65.5     32   0.03    215     14  352.8  352.9  352.8
  172.8  13411  -58.9  -69.7     23   0.02    260     14  353.9  353.9  353.9
  172.0  13439  -59.1  -70.1     23   0.02    259     14  353.9  354.0  353.9
  165.0  13698  -61.5  -76.5     12   0.01    249     13  354.2  354.2  354.2
  150.0  14280  -66.9  -74.9     31   0.01    225     11  354.6  354.7  354.6
  141.3  14630  -69.8  -77.3     33   0.01    225     11  355.6  355.6  355.6
  127.4  15240  -75.0  -81.4     36   0.00    145      1  357.1  357.1  357.1
  121.0  15544  -77.5  -83.5     38   0.00    129      6  357.7  357.7  357.7
  108.7  16154  -80.8  -84.9     50   0.00     95     17  362.8  362.8  362.8
  106.0  16294  -81.5  -85.2     54   0.00    100     18  363.9  363.9  363.9
  102.9  16459  -82.2  -86.0     53   0.00    105     20  365.6  365.6  365.6
  100.0  16620  -82.9  -86.7     52   0.00    140      7  367.3  367.3  367.3
   97.6  16755  -83.7  -87.5     52   0.00    117     12  368.3  368.3  368.3
   97.4  16764  -83.7  -87.5     52   0.00    115     12  368.5  368.5  368.5
   93.0  17023  -83.7  -87.7     50   0.00    125     12  373.4  373.4  373.4
   90.0  17205  -83.7  -87.8     49   0.00    105     15  376.9  377.0  376.9
   84.0  17587  -83.7  -88.1     47   0.00                384.4  384.5  384.4

                         Station identifier: SBMN
                             Station number: 82332
                           Observation time: 260222/0000
                           Station latitude: -3.15
                          Station longitude: -59.98
                          Station elevation: 84.0
                            Showalter index: 0.06
                               Lifted index: -2.06
    LIFT computed using virtual temperature: -2.54
                                SWEAT index: 220.79
                                    K index: 31.90
                         Cross totals index: 20.10
                      Vertical totals index: 23.50
                        Totals totals index: 43.60
      Convective Available Potential Energy: 611.22
             CAPE using virtual temperature: 710.10
                      Convective Inhibition: -50.55
             CINS using virtual temperature: -34.96
                           Equilibrum Level: 199.50
 Equilibrum Level using virtual temperature: 199.32
                   Level of Free Convection: 819.20
             LFCT using virtual temperature: 831.08
                     Bulk Richardson Number: 51.02
          Bulk Richardson Number using CAPV: 59.28
  Temp [K] of the Lifted Condensation Level: 294.99
Pres [hPa] of the Lifted Condensation Level: 950.04
   Equivalent potential temp [K] of the LCL: 351.18
     Mean mixed layer potential temperature: 299.35
              Mean mixed layer mixing ratio: 17.70
              1000 hPa to 500 hPa thickness: 5806.00
Precipitable water [mm] for entire sounding: 55.64
