82332 SBMN Manaus (Aeroporto) Observations at 12Z 11 Feb 2026
-----------------------------------------------------------------------------
   PRES   HGHT   TEMP   DWPT   RELH   MIXR   DRCT   SKNT   THTA   THTE   THTV
    hPa     m      C      C      %    g/kg    deg   knot     K      K      K 
-----------------------------------------------------------------------------
 1004.0     84   26.2   22.9     82  17.87     60      8  299.0  351.3  302.2
 1000.0    118   25.6   23.0     86  18.05     60      8  298.8  351.6  302.0
  972.0    368   23.8   22.2     91  17.69     75     20  299.3  351.1  302.5
  958.0    496   22.8   21.8     94  17.50     65     21  299.6  350.9  302.7
  938.0    680   22.3   20.4     89  16.32     50     23  300.9  349.1  303.9
  925.0    802   22.0   19.4     85  15.58     50     24  301.8  347.9  304.6
  911.0    935   22.0   16.0     69  12.71     52     26  303.1  341.1  305.4
  886.0   1175   20.2   15.7     75  12.80     55     30  303.7  342.0  306.0
  850.0   1533   17.6   15.2     86  12.94     55     29  304.6  343.4  306.9
  768.0   2397   12.8   11.2     90  10.99     63     21  308.4  342.0  310.4
  702.0   3150    9.9    6.2     78   8.52     70     14  313.1  339.9  314.8
  700.0   3174    9.8    6.0     77   8.45     75     11  313.3  339.9  314.9
  630.0   4042    5.5    1.4     75   6.77    175      1  317.9  339.8  319.2
  620.0   4174    4.8    0.7     75   6.54    189      2  318.6  339.8  319.9
  554.0   5078   -2.2   -3.1     94   5.54    285     11  320.8  339.0  321.9
  541.0   5269   -3.6   -3.9     98   5.35    300     10  321.2  338.9  322.3
  537.0   5328   -4.1   -4.1    100   5.29    293     10  321.4  338.8  322.4
  506.0   5796   -5.5   -8.3     80   4.05    240     11  325.1  338.9  325.9
  502.0   5859   -5.7   -8.9     78   3.91    247      9  325.6  339.0  326.4
  500.0   5890   -5.7   -9.6     74   3.71    250      8  326.0  338.7  326.8
  472.0   6342   -7.7  -16.7     48   2.21    266      8  329.0  336.8  329.4
  468.0   6409   -8.3  -12.5     72   3.15    268      8  329.0  340.0  329.6
  440.0   6889   -9.9  -18.9     48   1.96    284      7  332.8  340.0  333.2
  400.0   7620  -14.9  -24.9     42   1.28    310      7  335.5  340.3  335.8
  360.0   8405  -20.1  -31.1     37   0.80    248      7  338.8  341.9  339.0
  300.0   9720  -31.3  -42.3     33   0.31    140      8  341.1  342.4  341.2
  299.0   9744  -31.5  -42.5     33   0.30    142      8  341.2  342.4  341.2
  287.0  10029  -33.7  -46.5     26   0.20    160     11  342.1  342.9  342.1
  281.0  10176  -34.8  -48.6     23   0.17    170     13  342.5  343.2  342.5
  269.0  10480  -37.2  -52.9     18   0.11    140     10  343.4  343.9  343.4
  261.0  10690  -38.8  -55.9     15   0.08    135     11  344.0  344.3  344.0
  256.0  10825  -39.8  -57.8     13   0.06    110     10  344.4  344.6  344.4
  250.0  10990  -41.1  -60.1     11   0.05    110      6  344.8  345.0  344.8
  244.0  11154  -42.3  -62.6      9   0.03    105      4  345.5  345.6  345.5
  232.0  11495  -44.7  -67.7      6   0.02    126      8  346.8  346.9  346.8
  227.0  11638  -46.0  -67.8      7   0.02    135     10  346.9  347.0  346.9
  222.0  11784  -47.4  -68.0      8   0.02    155     14  347.1  347.2  347.1
  200.0  12470  -53.7  -68.7     14   0.02    125     13  347.6  347.7  347.6
  196.0  12599  -54.7  -69.7     14   0.02    115     12  348.0  348.1  348.0
  179.0  13167  -59.9  -69.2     29   0.02    140     19  348.6  348.6  348.6
  166.0  13638  -64.3  -68.7     55   0.02    119     15  348.9  349.0  348.9
  158.0  13938  -66.9  -72.9     42   0.01    105     13  349.4  349.5  349.4
  150.0  14250  -68.5  -81.5     14   0.00     90     10  351.9  351.9  351.9
  147.0  14371  -68.9  -83.9     10   0.00     88     12  353.2  353.2  353.2
  144.0  14492  -69.9  -84.1     11   0.00     85     14  353.7  353.7  353.7
  133.0  14957  -73.5  -85.1     16   0.00     35     16  355.2  355.2  355.2
  122.0  15462  -77.5  -86.1     24   0.00     20     14  356.8  356.8  356.8
  120.0  15559  -78.3  -86.3     27   0.00     25     12  357.1  357.1  357.1
  118.0  15654  -78.7  -86.6     27   0.00     30     10  358.2  358.2  358.2
  114.0  15849  -79.4  -87.1     27   0.00      0     10  360.4  360.4  360.4
  100.0  16590  -82.1  -89.1     30   0.00    105      8  368.9  368.9  368.9
   99.4  16624  -82.1  -89.1     30   0.00    105      8  369.5  369.5  369.5
   98.0  16703  -82.2  -89.2     30   0.00     95     12  370.9  370.9  370.9
   93.0  16994  -82.4  -89.4     30   0.00    105     23  376.1  376.1  376.1
   90.0  17177  -82.5  -89.5     30   0.00     93     30  379.3  379.4  379.3
   88.0  17304  -80.6  -89.7     21   0.00     85     35  385.5  385.5  385.5
   82.5  17670  -75.3  -90.3      8   0.00     53     13  403.6  403.6  403.6
   82.0  17705  -75.4  -90.3      8   0.00     50     11  404.0  404.0  404.0
   80.0  17846  -76.0  -90.4      9   0.00     30      9  405.8  405.8  405.8
   70.0  18610  -78.9  -90.9     13   0.00    205      5  415.3  415.3  415.3
   69.4  18659  -79.1  -91.1     13   0.00    211      4  415.9  415.9  415.9
   68.0  18777  -78.8  -91.1     12   0.00    225      3  418.9  418.9  418.9
   65.0  19037  -78.1  -91.2     11   0.00    150     10  425.8  425.9  425.8
   60.0  19498  -77.0  -91.3      9   0.00    115     25  438.3  438.3  438.3
   56.0  19896  -75.9  -91.5      7   0.00     80     19  449.4  449.4  449.4
   54.4  20063  -75.5  -91.5      7   0.00     91     19  454.1  454.1  454.1
   53.0  20217  -74.1  -91.3      6   0.00    100     19  460.8  460.8  460.8
   52.0  20329  -73.0  -91.2      5   0.00    105     25  465.7  465.7  465.7
   50.0  20560  -70.9  -90.9      4   0.00    100     27  476.0  476.0  476.0
   47.0  20931  -68.4  -90.7      3   0.00     80     31  490.5  490.6  490.5
   43.8  21355  -65.5  -90.5      2   0.00     77     35  507.6  507.6  507.6
   42.0  21609  -65.9  -90.7      2   0.00     75     37  512.6  512.7  512.6
   39.0  22058  -66.7  -90.9      2   0.00     75     31  521.8  521.8  521.8
   37.3  22328  -67.1  -91.1      2   0.00     86     38  527.3  527.3  527.3
   36.0  22543  -66.7  -91.0      2   0.00     95     43  533.7  533.7  533.7
   33.0  23071  -65.8  -90.9      2   0.00     90     53  549.6  549.7  549.7
   30.0  23650  -64.7  -90.7      2   0.00     80     54  567.7  567.7  567.7
   25.0  24773  -60.8  -90.7      1   0.00     90     58  609.3  609.3  609.3
   24.9  24798  -60.7  -90.7      1   0.00                610.2  610.3  610.2

                         Station identifier: SBMN
                             Station number: 82332
                           Observation time: 260211/1200
                           Station latitude: -3.15
                          Station longitude: -59.98
                          Station elevation: 84.0
                            Showalter index: -0.18
                               Lifted index: -3.02
    LIFT computed using virtual temperature: -3.45
                                SWEAT index: 248.41
                                    K index: 34.70
                         Cross totals index: 20.90
                      Vertical totals index: 23.30
                        Totals totals index: 44.20
      Convective Available Potential Energy: 1028.11
             CAPE using virtual temperature: 1157.09
                      Convective Inhibition: -27.03
             CINS using virtual temperature: -14.92
                           Equilibrum Level: 153.02
 Equilibrum Level using virtual temperature: 152.99
                   Level of Free Convection: 858.61
             LFCT using virtual temperature: 876.03
                     Bulk Richardson Number: 290.22
          Bulk Richardson Number using CAPV: 326.63
  Temp [K] of the Lifted Condensation Level: 295.00
Pres [hPa] of the Lifted Condensation Level: 950.92
   Equivalent potential temp [K] of the LCL: 351.08
     Mean mixed layer potential temperature: 299.28
              Mean mixed layer mixing ratio: 17.69
              1000 hPa to 500 hPa thickness: 5772.00
Precipitable water [mm] for entire sounding: 56.69
