82332 SBMN Manaus (Aeroporto) Observations at 00Z 03 Feb 2026
-----------------------------------------------------------------------------
   PRES   HGHT   TEMP   DWPT   RELH   MIXR   DRCT   SKNT   THTA   THTE   THTV
    hPa     m      C      C      %    g/kg    deg   knot     K      K      K 
-----------------------------------------------------------------------------
 1000.0     84   24.8   22.3     86  17.28    100      2  297.9  348.3  301.0
  980.0    265   26.8   23.5     82  19.02     41      8  301.7  358.0  305.1
  973.0    329   26.4   23.1     82  18.63     20     10  301.9  357.2  305.3
  925.0    780   24.0   19.9     78  16.09     30     16  303.8  351.9  306.8
  924.0    789   23.9   19.9     78  16.06     30     17  303.9  351.9  306.8
  850.0   1512   19.0   16.5     85  14.09     40     18  306.0  348.5  308.6
  838.0   1635   18.0   16.3     90  14.11     42     18  306.2  348.8  308.8
  807.0   1958   16.4   14.9     91  13.38     46     19  307.8  348.5  310.3
  751.0   2570   14.8    8.4     66   9.29     55     20  312.4  341.5  314.2
  733.0   2776   14.2    6.2     59   8.18     48     18  314.0  339.8  315.6
  700.0   3164   11.6    3.6     58   7.13     35     15  315.3  338.0  316.6
  685.0   3344   10.5    1.9     55   6.46     35     18  316.0  336.7  317.2
  646.0   3830    7.4   -2.6     49   4.92     44     20  317.9  333.9  318.8
  619.0   4177    4.5   -2.0     63   5.37     50     22  318.4  336.0  319.5
  593.0   4527    1.6   -1.4     80   5.86     46     13  319.0  338.1  320.1
  588.0   4595    1.4   -0.4     88   6.36     45     11  319.5  340.2  320.8
  578.0   4733    1.1   -4.1     68   4.91     80      8  320.8  337.0  321.7
  573.0   4803    1.0   -6.0     60   4.29     98     10  321.4  335.7  322.3
  567.0   4887    0.8   -5.8     62   4.41    120     12  322.1  336.9  323.0
  544.0   5219   -0.1   -4.9     70   4.91    141     15  324.9  341.4  325.9
  534.0   5367   -0.8   -6.1     67   4.57    150     16  325.8  341.3  326.7
  515.0   5655   -2.2   -8.4     62   3.96    145     18  327.5  341.1  328.3
  500.0   5890   -3.3  -10.3     58   3.51    130     15  328.9  341.1  329.6
  493.0   6002   -3.6  -11.7     53   3.18    130     14  329.9  341.0  330.5
  480.0   6214   -4.3  -14.4     45   2.62    100     14  331.6  340.9  332.2
  475.0   6297   -4.5  -15.5     42   2.42    103     13  332.3  341.0  332.8
  458.0   6583   -6.5  -21.4     30   1.52    115     11  333.3  338.9  333.6
  445.0   6809   -8.1  -26.1     22   1.03     98     11  334.0  337.9  334.2
  418.0   7292  -12.3  -18.5     60   2.15     60     10  334.6  342.4  335.1
  406.0   7517  -14.3  -14.9     95   2.98     53     12  334.9  345.5  335.5
  400.0   7630  -15.1  -15.5     97   2.88     50     13  335.3  345.6  335.9
  394.0   7744  -15.7  -16.0     98   2.80     47     13  335.9  346.0  336.5
  382.0   7975  -17.0  -18.6     87   2.33     40     12  337.2  345.7  337.7
  361.0   8396  -19.3  -23.3     71   1.63     65     15  339.6  345.7  339.9
  344.0   8756  -21.3  -27.3     58   1.19     33     11  341.6  346.2  341.9
  340.0   8842  -21.1  -38.1     20   0.42     25     10  343.0  344.8  343.1
  333.0   8995  -22.1  -45.1     11   0.21     45      9  343.7  344.6  343.8
  315.0   9397  -25.8  -44.6     16   0.23    100      5  344.0  345.0  344.1
  300.0   9750  -29.1  -44.1     22   0.26    110     16  344.2  345.3  344.3
  294.0   9893  -30.5  -44.5     24   0.25    119     18  344.3  345.3  344.3
  290.0   9990  -31.2  -45.7     22   0.22    125     20  344.6  345.6  344.7
  280.0  10237  -32.9  -48.9     19   0.16    125     19  345.6  346.3  345.7
  274.0  10388  -34.1  -42.1     44   0.35    125     19  346.0  347.5  346.1
  257.0  10831  -37.7  -49.7     27   0.16    125     18  347.1  347.8  347.2
  250.0  11020  -39.3  -47.3     42   0.22    120     23  347.5  348.4  347.6
  247.0  11103  -39.9  -44.9     59   0.28    119     23  347.8  349.0  347.9
  244.0  11186  -40.7  -55.7     18   0.08    118     23  347.8  348.2  347.8
  235.0  11442  -42.9  -46.8     65   0.24    115     24  348.2  349.3  348.3
  220.0  11884  -46.3  -49.4     71   0.19    110     25  349.6  350.5  349.7
  206.0  12316  -50.6  -55.7     55   0.10    105     26  349.6  350.0  349.6
  200.0  12510  -52.5  -58.5     48   0.07    110     27  349.5  349.8  349.5
  186.0  12973  -56.7  -60.5     62   0.06    125     30  350.0  350.3  350.0
  167.0  13646  -62.3  -66.3     59   0.03    121     36  351.6  351.8  351.6
  162.0  13832  -63.5  -71.2     34   0.02    120     38  352.6  352.7  352.6
  159.0  13947  -64.3  -74.3     24   0.01    118     37  353.2  353.2  353.2
  150.0  14300  -67.1  -73.1     42   0.01    110     35  354.3  354.4  354.3
  138.0  14799  -71.5  -75.6     54   0.01    105     33  355.1  355.1  355.1
  129.0  15195  -74.7  -79.7     46   0.01    102     32  356.3  356.3  356.3
  125.0  15374  -75.9  -81.1     44   0.00    100     31  357.2  357.3  357.2
  110.0  16100  -81.0  -86.6     39   0.00    100     18  361.1  361.1  361.1
  104.0  16419  -83.2  -89.0     36   0.00    125     24  362.7  362.8  362.7
  101.0  16585  -84.3  -90.3     35   0.00    110     20  363.6  363.6  363.6
  100.0  16640  -84.3  -90.3     35   0.00    105     18  364.6  364.6  364.6
   93.0  17038  -86.2  -91.7     38   0.00     80     22  368.4  368.4  368.4
   88.0  17340  -87.7  -92.7     40   0.00     90     30  371.4  371.4  371.4
   79.0  17932  -84.1  -91.0     29   0.00    110     47  390.5  390.5  390.5
   78.6  17960  -83.9  -90.9     29   0.00                391.4  391.4  391.4

                         Station identifier: SBMN
                             Station number: 82332
                           Observation time: 260203/0000
                           Station latitude: -3.15
                          Station longitude: -59.98
                          Station elevation: 84.0
                            Showalter index: 0.29
                               Lifted index: -1.92
    LIFT computed using virtual temperature: -2.49
                                SWEAT index: 249.01
                                    K index: 30.80
                         Cross totals index: 19.80
                      Vertical totals index: 22.30
                        Totals totals index: 42.10
      Convective Available Potential Energy: 1084.31
             CAPE using virtual temperature: 1245.39
                      Convective Inhibition: -43.56
             CINS using virtual temperature: -33.12
                           Equilibrum Level: 143.40
 Equilibrum Level using virtual temperature: 143.03
                   Level of Free Convection: 844.12
             LFCT using virtual temperature: 855.02
                     Bulk Richardson Number: 186.79
          Bulk Richardson Number using CAPV: 214.54
  Temp [K] of the Lifted Condensation Level: 294.93
Pres [hPa] of the Lifted Condensation Level: 926.81
   Equivalent potential temp [K] of the LCL: 354.87
     Mean mixed layer potential temperature: 301.42
              Mean mixed layer mixing ratio: 18.11
              1000 hPa to 500 hPa thickness: 5806.00
Precipitable water [mm] for entire sounding: 56.08
