82332 SBMN Manaus (Aeroporto) Observations at 12Z 25 Jan 2026
-----------------------------------------------------------------------------
   PRES   HGHT   TEMP   DWPT   RELH   MIXR   DRCT   SKNT   THTA   THTE   THTV
    hPa     m      C      C      %    g/kg    deg   knot     K      K      K 
-----------------------------------------------------------------------------
 1003.0     84   24.2   23.2     94  18.22     80      3  297.1  350.0  300.3
 1000.0    115   24.0   23.0     94  18.05     80      3  297.1  349.6  300.4
  966.0    418   23.4   20.6     84  16.09     65     17  299.5  346.7  302.4
  952.0    546   23.1   19.6     81  15.32     55     16  300.5  345.6  303.2
  925.0    798   22.6   17.6     73  13.88     55     20  302.4  343.7  304.9
  893.0   1105   22.0   14.0     60  11.37     57     20  304.9  339.1  306.9
  850.0   1533   19.4   12.4     64  10.75     60     21  306.4  339.1  308.4
  827.0   1766   18.0   11.7     67  10.55     55     22  307.4  339.6  309.3
  808.0   1963   16.8   11.1     69  10.39     65     18  308.1  339.9  310.1
  745.0   2651   12.6    9.1     79   9.81     40     15  310.8  341.2  312.7
  711.0   3047   10.2    7.9     86   9.49     60     15  312.4  341.9  314.1
  700.0   3179    9.4    7.5     88   9.38     55     14  312.9  342.2  314.6
  683.0   3383    8.0    6.8     92   9.14     40     14  313.5  342.1  315.2
  672.0   3518    7.0    6.3     95   8.99     45     15  313.8  342.1  315.5
  661.0   3651    6.3    5.6     96   8.71     50     15  314.5  342.0  316.1
  622.0   4144    3.5    3.1     97   7.74      5     11  316.9  341.6  318.4
  572.0   4823   -0.2   -0.4     99   6.55    255      3  320.2  341.5  321.4
  541.0   5275   -2.7   -2.7    100   5.83    209      9  322.3  341.6  323.5
  532.0   5408   -2.9   -3.6     94   5.53    195     11  323.7  342.1  324.8
  519.0   5605   -3.1   -5.0     87   5.11    201     11  325.7  342.9  326.7
  500.0   5900   -5.1   -6.9     87   4.59    210     12  326.8  342.3  327.7
  488.0   6087   -6.3   -7.9     88   4.35    210     13  327.6  342.4  328.4
  475.0   6295   -7.6   -9.0     90   4.09    215     11  328.4  342.5  329.3
  414.0   7355  -14.4  -14.7     98   2.98    190     10  332.9  343.4  333.5
  400.0   7620  -16.1  -16.1    100   2.74    200      8  334.0  343.8  334.5
  387.0   7868  -17.9  -18.0     99   2.41    200      6  334.8  343.5  335.3
  350.0   8615  -22.3  -25.7     74   1.36    200      2  338.6  343.7  338.9
  346.0   8698  -22.9  -26.4     73   1.29    200      1  338.9  343.8  339.1
  305.0   9610  -29.6  -33.6     69   0.74     85     11  341.9  344.8  342.1
  300.0   9730  -30.5  -34.5     68   0.69     85     13  342.3  345.0  342.4
  296.0   9825  -31.1  -36.1     61   0.59     93     12  342.7  345.1  342.9
  287.0  10038  -32.9  -38.4     58   0.48    110     10  343.2  345.2  343.3
  273.0  10383  -35.8  -42.2     52   0.34    110     10  343.9  345.4  344.0
  263.0  10640  -38.0  -45.1     47   0.26     95     12  344.5  345.6  344.5
  255.0  10853  -39.8  -47.4     44   0.21    115     11  344.9  345.8  344.9
  250.0  10990  -40.9  -48.9     42   0.18    115     12  345.1  345.9  345.2
  235.0  11409  -44.7  -52.7     40   0.12    122     12  345.5  346.1  345.6
  230.0  11553  -46.1  -52.1     51   0.13    125     12  345.5  346.1  345.6
  216.0  11969  -49.3  -63.3     18   0.04    132     11  346.8  347.0  346.8
  211.0  12121  -50.6  -62.5     23   0.04    135     11  347.2  347.4  347.2
  204.0  12341  -52.4  -61.2     34   0.05    160     10  347.6  347.9  347.6
  200.0  12470  -53.5  -60.5     42   0.06    160     12  347.9  348.1  347.9
  185.0  12960  -57.8  -65.9     35   0.03    150     18  348.7  348.8  348.7
  177.0  13238  -60.3  -68.9     31   0.02    165     19  349.1  349.2  349.1
  172.0  13418  -61.9  -70.9     29   0.02    154     18  349.3  349.4  349.3
  170.0  13489  -62.4  -71.7     28   0.01    150     18  349.6  349.7  349.6
  159.0  13897  -65.4  -76.0     22   0.01    165     24  351.3  351.3  351.3
  156.0  14014  -66.3  -77.3     20   0.01    154     21  351.7  351.8  351.7
  152.0  14170  -66.7  -79.0     16   0.01    140     18  353.6  353.7  353.7
  150.0  14250  -66.9  -79.9     14   0.00    150     17  354.6  354.7  354.6
  147.0  14369  -68.0  -79.9     17   0.00    155     19  354.9  354.9  354.9
  138.0  14743  -71.3  -80.0     26   0.00    140     14  355.4  355.5  355.4
  131.0  15050  -74.1  -80.1     39   0.00    155     13  355.8  355.9  355.8
  127.0  15233  -75.7  -80.2     49   0.01    162     17  356.1  356.1  356.1
  118.0  15656  -76.8  -83.9     32   0.00    180     28  361.7  361.7  361.7
  112.0  15956  -77.5  -86.5     23   0.00    155     12  365.7  365.7  365.7
  109.0  16112  -77.9  -87.9     19   0.00    253      6  367.8  367.8  367.8
  107.0  16217  -78.6  -88.1     20   0.00    320      2  368.4  368.4  368.4
  101.0  16544  -80.9  -88.9     25   0.00     15      9  370.1  370.1  370.1
  100.0  16600  -80.9  -88.9     25   0.00     15      9  371.2  371.2  371.2
   95.0  16884  -82.6  -89.6     30   0.00     50     17  373.4  373.4  373.4
   87.0  17370  -85.4  -90.7     39   0.00     90     26  377.2  377.2  377.2
   81.6  17724  -87.5  -91.5     48   0.00    103     20  379.9  379.9  379.9
   79.0  17900  -88.3  -93.1     41   0.00    110     17  381.8  381.8  381.8
   78.0  17969  -87.3  -93.4     33   0.00    110     18  385.1  385.1  385.1
   75.7  18132  -85.1  -94.1     19   0.00    103     17  393.1  393.1  393.1
   73.4  18306  -76.9  -88.9     13   0.00     96     16  413.9  413.9  413.9
   73.0  18337  -76.6  -89.1     12   0.00     95     16  415.2  415.2  415.2
   72.0  18417  -75.8  -89.5     10   0.00     75     11  418.4  418.4  418.4
   70.0  18580  -74.3  -90.3      7   0.00    315      6  425.1  425.1  425.1
   66.0  18926  -71.7  -89.6      5   0.00    275     10  438.0  438.0  438.0
   65.7  18952  -71.5  -89.5      5   0.00    272      9  439.0  439.0  439.0
   63.0  19199  -72.9  -89.3      7   0.00    245      1  441.1  441.1  441.1
   61.0  19388  -74.0  -89.1      8   0.00    105     13  442.7  442.7  442.7
   60.9  19398  -74.1  -89.1      8   0.00    105     13  442.8  442.8  442.8
   55.0  19998  -72.1  -89.2      6   0.00     80     24  460.4  460.4  460.4
   50.0  20560  -70.3  -89.3      5   0.00     90     33  477.4  477.4  477.4
   48.5  20741  -70.1  -89.1      5   0.00     92     37  482.1  482.1  482.1
   44.0  21318  -71.1  -90.1      5   0.00    100     48  493.2  493.3  493.2
   43.1  21440  -71.3  -90.3      5   0.00     98     50  495.6  495.7  495.6
   39.0  22046  -67.3  -89.4      3   0.00     90     62  520.2  520.2  520.2
   38.6  22109  -66.8  -89.3      3   0.00     90     62  522.8  522.8  522.8
   33.3  23004  -60.9  -87.9      2   0.01     97     59  561.1  561.1  561.1
   31.0  23448  -61.8  -87.9      2   0.01    100     58  570.4  570.4  570.4
   30.6  23528  -61.9  -87.9      2   0.01                572.1  572.1  572.1

                         Station identifier: SBMN
                             Station number: 82332
                           Observation time: 260125/1200
                           Station latitude: -3.15
                          Station longitude: -59.98
                          Station elevation: 84.0
                            Showalter index: 2.16
                               Lifted index: -1.09
    LIFT computed using virtual temperature: -1.27
                                SWEAT index: 202.80
                                    K index: 35.00
                         Cross totals index: 17.50
                      Vertical totals index: 24.50
                        Totals totals index: 42.00
      Convective Available Potential Energy: 364.76
             CAPE using virtual temperature: 404.65
                      Convective Inhibition: -143.60
             CINS using virtual temperature: -104.08
                           Equilibrum Level: 220.37
 Equilibrum Level using virtual temperature: 219.93
                   Level of Free Convection: 718.23
             LFCT using virtual temperature: 737.89
                     Bulk Richardson Number: 749.23
          Bulk Richardson Number using CAPV: 831.18
  Temp [K] of the Lifted Condensation Level: 293.86
Pres [hPa] of the Lifted Condensation Level: 943.15
   Equivalent potential temp [K] of the LCL: 347.36
     Mean mixed layer potential temperature: 298.84
              Mean mixed layer mixing ratio: 16.64
              1000 hPa to 500 hPa thickness: 5785.00
Precipitable water [mm] for entire sounding: 57.32
