82332 SBMN Manaus (Aeroporto) Observations at 12Z 17 Jan 2026
-----------------------------------------------------------------------------
   PRES   HGHT   TEMP   DWPT   RELH   MIXR   DRCT   SKNT   THTA   THTE   THTV
    hPa     m      C      C      %    g/kg    deg   knot     K      K      K 
-----------------------------------------------------------------------------
 1002.0     84   23.6   22.8     95  17.79    140      1  296.6  348.1  299.7
 1000.0    103   23.8   22.5     92  17.50     80      5  296.9  347.7  300.1
  981.0    272   24.4   20.7     80  15.94     63     12  299.2  345.9  302.0
  977.3    305   24.4   20.6     80  15.93     60     13  299.5  346.2  302.4
  954.0    517   24.4   20.2     77  15.89     57     14  301.6  348.6  304.4
  944.0    610   23.9   20.3     80  16.13     55     15  301.9  349.7  304.9
  925.0    788   22.8   20.4     86  16.61     35     13  302.6  352.0  305.6
  911.7    914   21.9   19.9     88  16.28     35     13  303.0  351.4  305.9
  856.0   1461   18.2   17.5     96  14.93     26     15  304.6  349.3  307.3
  850.0   1521   18.0   17.0     94  14.56     25     15  305.0  348.7  307.6
  849.7   1524   18.0   17.0     94  14.54     25     15  305.0  348.6  307.7
  790.7   2134   14.9   12.1     83  11.34     70     15  308.1  342.7  310.2
  762.9   2438   13.4    9.7     78   9.98     80     16  309.6  340.4  311.5
  727.0   2846   11.4    6.4     71   8.36     87     17  311.7  337.8  313.3
  709.6   3048   10.4    5.8     73   8.19     90     18  312.7  338.4  314.3
  700.0   3162    9.8    5.4     74   8.10     85     16  313.3  338.8  314.8
  678.0   3427    7.4    4.7     83   7.96     86     17  313.5  338.6  315.0
  612.0   4267    3.8   -4.2     56   4.60     90     21  318.7  333.8  319.6
  612.0   4267    3.8   -4.2     56   4.60     90     21  318.7  333.8  319.6
  589.1   4572    1.7   -4.8     62   4.55     90     19  319.7  334.7  320.6
  525.6   5486   -4.6   -6.8     85   4.40    340     11  322.7  337.4  323.5
  525.0   5496   -4.7   -6.8     85   4.40    340     11  322.7  337.4  323.6
  505.7   5791   -5.0  -11.4     61   3.17    325     14  325.8  336.7  326.4
  503.0   5833   -5.1  -12.1     58   3.02    327     14  326.2  336.6  326.8
  500.0   5880   -5.1  -16.1     42   2.19    330     15  326.8  334.5  327.2
  499.0   5896   -5.1  -19.1     32   1.70    331     15  326.9  333.0  327.3
  487.0   6087   -5.9  -10.0     73   3.69    340     17  328.2  341.0  329.0
  486.4   6096   -6.0  -10.1     73   3.68    340     17  328.3  341.0  329.0
  475.0   6282   -7.3  -11.2     74   3.44    340     19  328.9  340.8  329.5
  454.0   6633   -9.1  -14.1     67   2.85    340     24  330.9  340.9  331.4
  449.7   6706   -9.6  -15.8     60   2.49    340     25  331.2  340.0  331.7
  447.0   6753   -9.9  -16.9     57   2.29    340     24  331.4  339.5  331.8
  415.2   7315  -13.6  -17.6     72   2.33    335     16  333.6  342.0  334.1
  400.0   7600  -15.5  -17.9     82   2.35    330     17  334.8  343.2  335.2
  382.9   7925  -17.6  -19.8     83   2.09    330     17  336.2  343.9  336.7
  367.5   8230  -19.5  -21.5     84   1.87    315     17  337.6  344.6  338.0
  352.8   8534  -21.4  -23.3     85   1.67    310     11  339.0  345.3  339.4
  329.0   9053  -24.7  -26.3     87   1.37    276      8  341.3  346.5  341.6
  323.0   9187  -25.5  -31.5     57   0.85    266      7  342.0  345.4  342.2
  300.0   9720  -29.9  -34.3     65   0.70    230      4  343.1  345.9  343.3
  298.6   9754  -30.2  -34.5     66   0.69    220      2  343.2  345.9  343.3
  273.7  10363  -35.2  -39.0     68   0.48    220     10  344.5  346.4  344.6
  266.0  10564  -36.9  -40.5     69   0.42    225     11  344.9  346.6  345.0
  250.0  10990  -40.5  -46.5     52   0.24    235     13  345.7  346.7  345.8
  228.8  11582  -45.6  -57.0     26   0.07    250     17  346.8  347.1  346.8
  223.0  11754  -47.1  -60.1     21   0.05    247     19  347.1  347.3  347.1
  200.0  12460  -53.7  -59.7     48   0.06    235     27  347.6  347.9  347.6
  198.8  12497  -54.0  -60.0     48   0.06    245     23  347.6  347.9  347.6
  183.0  13023  -59.1  -65.1     46   0.03    231     28  347.7  347.9  347.7
  171.8  13411  -62.1  -68.4     42   0.02    220     32  349.2  349.3  349.2
  163.4  13716  -64.4  -71.0     40   0.02    205     29  350.3  350.4  350.3
  151.0  14200  -68.1  -75.1     36   0.01    205     27  351.9  352.0  351.9
  150.0  14240  -68.3  -75.3     36   0.01    205     27  352.2  352.3  352.2
  147.8  14326  -69.0  -75.7     37   0.01    200     28  352.6  352.6  352.6
  133.3  14935  -73.6  -78.3     48   0.01    230     18  354.9  355.0  354.9
  126.6  15240  -75.9  -79.7     55   0.01    280     16  356.0  356.1  356.0
  126.0  15270  -76.1  -79.8     56   0.01    281     17  356.1  356.2  356.1
  111.0  15994  -81.3  -87.3     36   0.00    317     35  359.5  359.5  359.5
  107.9  16154  -81.8  -87.8     36   0.00    325     39  361.5  361.5  361.5
  100.0  16580  -83.1  -89.1     35   0.00    295     13  366.9  366.9  366.9
   96.7  16764  -84.0  -90.0     35   0.00    325     24  368.8  368.8  368.8
   92.6  17005  -85.1  -91.1     34   0.00    215      1  371.1  371.1  371.1
   91.5  17069  -84.0  -90.7     31   0.00    280     11  374.5  374.5  374.5
   89.5  17194  -81.9  -89.9     25   0.00    253      7  381.1  381.1  381.1
   86.6  17374  -83.3  -90.4     28   0.00    215      1  382.0  382.0  382.0
   82.0  17678  -85.6  -91.4     35   0.00    105     11  383.3  383.3  383.3
   79.4  17855  -86.9  -91.9     40   0.00     96     14  384.1  384.1  384.1
   77.6  17983  -85.6  -91.7     33   0.00     90     16  389.4  389.4  389.4
   74.6  18198  -83.3  -91.3     24   0.00     58     12  398.6  398.6  398.6
   73.4  18288  -80.8  -90.3     19   0.00     45     11  405.6  405.6  405.6
   71.5  18438  -76.7  -88.7     14   0.00     98     14  417.4  417.4  417.4
   70.0  18560  -76.9  -88.9     13   0.00    140     17  419.6  419.6  419.6
   69.6  18593  -77.0  -89.2     13   0.00    145     10  420.0  420.0  420.0
   67.1  18802  -77.7  -90.7     11   0.00    145     15  422.9  422.9  422.9
   62.7  19202  -75.7  -90.6      8   0.00    145     25  435.7  435.7  435.7
   56.4  19812  -72.6  -90.3      5   0.00     90     28  455.8  455.9  455.8
   53.6  20117  -71.1  -90.2      4   0.00     65     16  466.2  466.2  466.2
   50.9  20422  -69.6  -90.1      4   0.00    105     20  476.8  476.8  476.8
   50.0  20520  -69.1  -90.1      3   0.00     85     29  480.2  480.3  480.2
   48.3  20726  -68.4  -90.3      3   0.00     80     32  486.6  486.7  486.6
   43.7  21336  -66.3  -90.8      2   0.00    100     43  506.1  506.1  506.1
   42.9  21443  -65.9  -90.9      2   0.00     97     44  509.6  509.6  509.6
   40.1  21858  -60.7  -89.7      1   0.00     87     50  532.5  532.6  532.5
   39.5  21946  -61.1  -89.9      1   0.00     85     51  533.6  533.6  533.6
   37.6  22250  -62.6  -90.4      1   0.00     95     48  537.4  537.4  537.4
   36.1  22508  -63.9  -90.9      1   0.00    108     50  540.5  540.5  540.5
   35.8  22555  -63.8  -90.9      1   0.00    110     50  542.0  542.0  542.0
   30.0  23650  -61.3  -90.3      1   0.00     85     50  577.0  577.0  577.0
   28.0  24079  -60.9  -90.3      1   0.00     85     50  589.6  589.6  589.6
   25.4  24685  -60.3  -90.3      1   0.00     88     64  607.9  608.0  607.9
   24.3  24963  -56.5  -89.5      1   0.01     90     70  626.6  626.7  626.6
   23.1  25298  -55.2  -89.0      1   0.01     90     70  639.8  639.9  639.8
   21.1  25865  -53.1  -88.1      1   0.01     85     63  662.7  662.8  662.7
   21.0  25908  -53.1  -87.4      1   0.01     85     62  663.9  664.0  663.9
   20.9  25927  -53.1  -87.1      1   0.01                664.5  664.6  664.5

                         Station identifier: SBMN
                             Station number: 82332
                           Observation time: 260117/1200
                           Station latitude: -3.15
                          Station longitude: -59.98
                          Station elevation: 84.0
                            Showalter index: -1.56
                               Lifted index: -1.05
    LIFT computed using virtual temperature: -1.62
                                SWEAT index: 248.99
                                    K index: 35.70
                         Cross totals index: 22.10
                      Vertical totals index: 23.10
                        Totals totals index: 45.20
      Convective Available Potential Energy: 220.71
             CAPE using virtual temperature: 296.25
                      Convective Inhibition: -91.76
             CINS using virtual temperature: -79.54
                           Equilibrum Level: 330.30
 Equilibrum Level using virtual temperature: 275.81
                   Level of Free Convection: 698.29
             LFCT using virtual temperature: 758.78
                     Bulk Richardson Number: 1261.23
          Bulk Richardson Number using CAPV: 1692.90
  Temp [K] of the Lifted Condensation Level: 293.25
Pres [hPa] of the Lifted Condensation Level: 927.62
   Equivalent potential temp [K] of the LCL: 347.24
     Mean mixed layer potential temperature: 299.63
              Mean mixed layer mixing ratio: 16.26
              1000 hPa to 500 hPa thickness: 5777.00
Precipitable water [mm] for entire sounding: 56.84
