82332 SBMN Manaus (Aeroporto) Observations at 00Z 10 Jan 2026
-----------------------------------------------------------------------------
   PRES   HGHT   TEMP   DWPT   RELH   MIXR   DRCT   SKNT   THTA   THTE   THTV
    hPa     m      C      C      %    g/kg    deg   knot     K      K      K 
-----------------------------------------------------------------------------
 1000.0     76                                                               
  999.0     84   24.6   23.7     95  18.88     90      1  297.8  352.8  301.2
  992.0    146   27.2   23.7     81  19.01     87      2  301.0  357.2  304.4
  949.0    539   25.6   20.8     75  16.59     67     10  303.2  352.7  306.3
  925.0    764   24.0   20.2     79  16.40     55     15  303.8  352.8  306.8
  922.0    793   23.8   20.0     80  16.29     50     16  303.9  352.6  306.9
  908.0    927   22.8   19.3     81  15.78     50     18  304.2  351.4  307.1
  880.0   1200   21.2   17.4     79  14.38     50     22  305.3  348.5  307.9
  850.0   1503   19.4   15.2     77  12.94     55     16  306.4  345.6  308.8
  785.0   2180   15.2   11.3     77  10.80     80     21  309.0  342.1  311.0
  741.0   2671   12.2    8.4     78   9.42     75     21  310.9  340.1  312.6
  729.0   2807   12.2   -0.8     41   4.98     74     20  312.3  328.2  313.3
  700.0   3146    9.8    3.8     66   7.23     70     20  313.3  336.2  314.7
  694.0   3218    9.2    6.2     82   8.64     70     19  313.4  340.6  315.0
  688.0   3290    8.8    6.0     82   8.57     70     17  313.8  340.8  315.4
  651.0   3747    6.6    4.4     86   8.12     50     12  316.2  342.1  317.8
  620.0   4148    5.6   -0.4     65   6.03     46     11  319.5  339.2  320.7
  610.0   4280    4.8   -0.9     67   5.92     45     10  320.2  339.5  321.3
  535.0   5338   -1.3   -4.6     78   5.10    345      2  325.1  342.2  326.1
  512.0   5692   -3.3   -5.9     82   4.84    270      4  326.7  343.1  327.7
  500.0   5880   -4.5   -7.2     81   4.48    230      5  327.5  342.8  328.4
  472.0   6333   -6.7  -10.2     76   3.75    196      7  330.2  343.2  330.9
  468.0   6400   -6.3  -12.3     62   3.20    191      8  331.5  342.7  332.1
  442.0   6845  -10.3  -13.0     81   3.20    157     10  331.9  343.2  332.6
  433.0   7003  -11.0  -15.0     73   2.78    145     11  333.0  342.9  333.5
  419.0   7256  -12.1  -18.1     61   2.21    150     11  334.7  342.7  335.1
  404.0   7534  -14.1  -19.0     66   2.11    120     13  335.6  343.3  336.0
  400.0   7610  -14.7  -19.3     68   2.09    125     10  335.8  343.4  336.2
  383.0   7937  -17.5  -19.9     82   2.07    145     10  336.3  343.9  336.7
  368.0   8235  -19.3  -25.3     59   1.34    163     10  337.8  342.8  338.0
  354.0   8522  -21.5  -23.7     82   1.60    181     10  338.6  344.6  338.9
  343.0   8750  -23.1  -26.8     72   1.25    195     10  339.5  344.2  339.7
  308.0   9529  -28.6  -37.3     43   0.51    225     14  342.4  344.5  342.5
  300.0   9720  -29.9  -39.9     37   0.40    225     14  343.1  344.8  343.2
  277.0  10282  -33.5  -51.5     15   0.12    212     14  345.8  346.4  345.9
  250.0  10990  -40.1  -51.1     30   0.14    195     15  346.3  346.9  346.3
  246.0  11099  -41.1  -50.7     35   0.15    185     16  346.4  347.1  346.4
  233.0  11466  -44.5  -49.3     59   0.18    188     19  346.7  347.5  346.7
  223.0  11758  -47.1  -52.0     57   0.14    190     21  347.0  347.6  347.0
  221.0  11818  -47.7  -52.6     57   0.13    189     21  347.0  347.6  347.1
  206.0  12278  -51.4  -55.6     61   0.10    180     25  348.3  348.7  348.3
  204.0  12342  -51.9  -56.0     61   0.10    176     25  348.4  348.9  348.5
  201.0  12438  -52.5  -58.8     47   0.07    170     24  349.0  349.3  349.0
  200.0  12470  -52.7  -59.7     42   0.06    170     24  349.1  349.4  349.2
  180.0  13142  -58.5  -68.5     26   0.02    197     18  350.4  350.5  350.4
  178.0  13211  -59.2  -68.7     28   0.02    200     17  350.4  350.5  350.4
  167.0  13606  -62.9  -70.1     37   0.02    195     17  350.6  350.7  350.6
  162.0  13795  -64.7  -70.7     43   0.02    206     16  350.6  350.7  350.6
  154.0  14101  -67.6  -69.6     75   0.02    225     14  350.9  351.0  350.9
  152.0  14181  -68.3  -69.3     87   0.02    227     15  350.9  351.0  350.9
  150.0  14260  -68.7  -70.3     80   0.02    230     15  351.6  351.6  351.6
  148.0  14340  -69.1  -72.5     61   0.01    225     19  352.2  352.3  352.2
  143.0  14545  -70.1  -78.1     30   0.01    204     20  353.9  354.0  353.9
  141.0  14629  -70.7  -79.2     28   0.01    195     20  354.3  354.4  354.3
  139.0  14713  -71.3  -80.3     25   0.00    195     20  354.7  354.7  354.7
  122.0  15470  -75.8  -83.1     31   0.00    200     22  359.9  359.9  359.9
  115.0  15812  -77.9  -84.3     35   0.00    190     24  362.3  362.3  362.3
  111.0  16017  -79.1  -85.1     37   0.00    175     17  363.6  363.7  363.6
  104.0  16387  -79.2  -86.5     30   0.00    180     13  370.2  370.2  370.2
  100.0  16610  -79.3  -87.3     26   0.00    260      7  374.3  374.3  374.3
   96.0  16837  -80.7  -88.0     29   0.00    280     15  376.0  376.0  376.0
   86.0  17450  -84.4  -90.1     37   0.00    280     24  380.5  380.5  380.5
   82.2  17702  -85.9  -90.9     41   0.00    260     21  382.4  382.4  382.4
   81.0  17782  -85.8  -91.2     39   0.00    255     18  384.1  384.1  384.1
   77.0  18060  -85.6  -92.0     32   0.00    175     10  390.1  390.1  390.1
   74.8  18218  -85.5  -92.5     28   0.00    121      6  393.6  393.6  393.6
   73.0  18354  -82.4  -90.8     23   0.00     75      2  402.9  402.9  402.9
   71.0  18509  -78.9  -88.9     18   0.00    140     10  413.6  413.6  413.6
   70.0  18590  -78.9  -88.9     18   0.00    115     16  415.3  415.3  415.3
   68.0  18758  -77.7  -88.9     15   0.00    100     18  421.4  421.4  421.4
   66.0  18932  -76.4  -89.0     12   0.00     85     13  427.7  427.7  427.7
   64.0  19110  -75.1  -89.0     10   0.00      0      2  434.4  434.4  434.4
   59.6  19524  -72.1  -89.1      6   0.00    119      9  450.0  450.0  450.0
   58.0  19684  -72.9  -89.4      7   0.00    165     12  451.6  451.6  451.6
   56.6  19828  -73.7  -89.7      7   0.00    146     15  453.1  453.1  453.1
   52.0  20328  -71.5  -89.6      5   0.00     80     25  469.3  469.3  469.3
   50.0  20560  -70.5  -89.5      5   0.00     65     23  476.9  477.0  476.9
   46.0  21060  -69.3  -89.7      4   0.00    100     28  491.4  491.5  491.4
   44.0  21326  -68.6  -89.9      3   0.00    110     32  499.3  499.4  499.3
   43.0  21464  -68.3  -89.9      3   0.00    115     36  503.5  503.5  503.5
   40.0  21897  -67.2  -90.1      3   0.00     85     59  516.7  516.7  516.7
   37.7  22252  -66.3  -90.3      2   0.00     94     57  527.7  527.8  527.7
   35.0  22701  -66.7  -90.7      2   0.00    105     54  537.9  538.0  537.9
   34.0  22876  -66.9  -90.9      2   0.00    103     56  542.0  542.0  542.0
   30.0  23640  -62.1  -90.1      1   0.00     95     64  574.8  574.8  574.8
   29.6  23724  -61.6  -89.7      1   0.00     95     66  578.5  578.5  578.5
   28.0  24069  -59.3  -88.2      1   0.01     90     65  593.9  594.0  593.9
   27.7  24137  -58.9  -87.9      1   0.01                596.9  597.0  596.9

                         Station identifier: SBMN
                             Station number: 82332
                           Observation time: 260110/0000
                           Station latitude: -3.15
                          Station longitude: -59.98
                          Station elevation: 84.0
                            Showalter index: 0.18
                               Lifted index: -3.03
    LIFT computed using virtual temperature: -3.44
                                SWEAT index: 219.40
                                    K index: 33.10
                         Cross totals index: 19.70
                      Vertical totals index: 23.90
                        Totals totals index: 43.60
      Convective Available Potential Energy: 1406.73
             CAPE using virtual temperature: 1553.02
                      Convective Inhibition: -48.57
             CINS using virtual temperature: -33.18
                           Equilibrum Level: 140.13
 Equilibrum Level using virtual temperature: 140.14
                   Level of Free Convection: 815.54
             LFCT using virtual temperature: 844.12
                     Bulk Richardson Number: 271.25
          Bulk Richardson Number using CAPV: 299.45
  Temp [K] of the Lifted Condensation Level: 294.50
Pres [hPa] of the Lifted Condensation Level: 917.05
   Equivalent potential temp [K] of the LCL: 354.59
     Mean mixed layer potential temperature: 301.90
              Mean mixed layer mixing ratio: 17.84
              1000 hPa to 500 hPa thickness: 5804.00
Precipitable water [mm] for entire sounding: 57.25
