82332 SBMN Manaus (Aeroporto) Observations at 00Z 06 Feb 2026
-----------------------------------------------------------------------------
   PRES   HGHT   TEMP   DWPT   RELH   MIXR   DRCT   SKNT   THTA   THTE   THTV
    hPa     m      C      C      %    g/kg    deg   knot     K      K      K 
-----------------------------------------------------------------------------
 1000.0     84   25.8   23.9     89  19.09     50      3  298.9  354.9  302.4
  994.0    137   26.8   23.9     84  19.21     51      4  300.5  357.1  303.9
  941.0    621   24.4   22.1     87  18.22     65     11  302.7  356.9  306.0
  925.0    773   23.6   21.6     89  17.91     60     14  303.4  356.9  306.7
  892.0   1089   21.4   19.8     90  16.54     60     16  304.4  353.9  307.4
  850.0   1509   18.6   17.3     92  14.84     55     12  305.6  350.3  308.3
  770.0   2353   13.9   13.7     98  12.94     50     10  309.4  349.0  311.8
  758.0   2487   13.2   13.1     99  12.66     62      9  309.9  348.8  312.3
  733.0   2770   12.0   12.0    100  12.17     87      6  311.6  349.2  313.9
  715.0   2978   10.8   10.0     95  10.90    105      4  312.5  346.4  314.6
  700.0   3156    9.8    8.3     90   9.91    100     10  313.3  344.3  315.2
  697.0   3192    9.7    7.8     88   9.64    100     10  313.6  343.8  315.4
  656.0   3695    8.2    1.2     61   6.40     77     10  317.4  338.0  318.6
  630.0   4028    6.0    3.7     85   7.99     62     10  318.5  344.2  320.1
  620.0   4160    6.2   -2.8     53   5.05     56     10  320.2  336.9  321.2
  583.0   4661    2.4   -0.7     80   6.28     33     10  321.5  342.1  322.7
  579.0   4717    2.1   -0.6     82   6.38     30     10  321.8  342.8  323.0
  574.0   4787    1.8   -0.4     85   6.52     35     10  322.2  343.6  323.5
  549.0   5146    0.2   -4.8     69   4.91     60     12  324.4  340.9  325.4
  525.0   5502   -1.9   -6.0     73   4.67     85     14  326.1  341.9  327.1
  500.0   5890   -4.1   -7.4     78   4.41     85     18  328.0  343.0  328.9
  481.0   6193   -6.5   -9.2     81   3.98     90     16  328.7  342.4  329.5
  476.0   6275   -7.1   -9.7     82   3.87     96     16  328.9  342.2  329.7
  459.0   6557   -8.1  -16.1     53   2.39    116     15  331.1  339.6  331.6
  443.0   6831   -9.5  -17.5     52   2.20    135     14  332.7  340.6  333.1
  435.0   6971  -10.5  -17.2     58   2.30    145     14  333.2  341.5  333.7
  422.0   7204  -12.1  -16.7     69   2.47    149     16  334.0  342.9  334.5
  406.0   7497  -13.9  -22.9     47   1.50    155     19  335.4  341.0  335.7
  400.0   7610  -14.7  -23.7     46   1.42    155     19  335.8  341.1  336.1
  379.0   8015  -17.6  -24.5     55   1.40    170     13  337.2  342.4  337.4
  362.0   8359  -20.1  -25.1     64   1.38    158     10  338.3  343.5  338.6
  358.0   8442  -20.4  -26.6     58   1.22    155      9  338.9  343.6  339.2
  348.0   8652  -21.3  -30.3     44   0.89    142     12  340.5  344.0  340.7
  331.0   9016  -24.1  -33.1     43   0.71    120     16  341.5  344.4  341.7
  302.0   9683  -29.3  -38.3     41   0.47    148     14  343.3  345.2  343.4
  300.0   9730  -29.9  -37.9     46   0.49    150     14  343.1  345.1  343.2
  293.0   9897  -31.3  -38.3     50   0.48    156     13  343.4  345.4  343.6
  284.0  10115  -32.9  -42.8     37   0.31    165     11  344.2  345.5  344.3
  260.0  10731  -37.5  -55.5     14   0.08    158     13  346.3  346.6  346.3
  250.0  11000  -39.9  -49.9     34   0.16    155     14  346.6  347.3  346.6
  248.0  11055  -40.4  -49.2     38   0.18    155     14  346.7  347.4  346.7
  242.0  11221  -41.9  -46.9     58   0.23    160     14  346.8  347.8  346.9
  225.0  11703  -45.9  -50.3     61   0.17    175     13  347.9  348.7  348.0
  205.0  12320  -51.1  -54.6     66   0.11    159     21  349.2  349.7  349.2
  200.0  12480  -52.7  -56.3     65   0.09    155     23  349.1  349.6  349.2
  181.0  13107  -58.3  -62.5     58   0.05    135     32  350.1  350.4  350.1
  165.0  13689  -63.5  -68.3     51   0.02    145     36  350.9  351.0  350.9
  162.0  13804  -64.5  -69.5     50   0.02    144     36  351.0  351.1  351.0
  150.0  14270  -68.5  -74.5     42   0.01    140     38  351.9  351.9  351.9
  136.0  14847  -73.2  -78.6     44   0.01    130     54  353.5  353.6  353.5
  125.0  15343  -77.3  -82.1     46   0.00    120     47  354.8  354.8  354.8
  116.0  15768  -79.0  -83.9     45   0.00    125     48  359.2  359.2  359.2
  106.0  16280  -81.2  -86.1     43   0.00    120     25  364.5  364.6  364.5
  101.0  16554  -82.3  -87.3     43   0.00    135     17  367.4  367.4  367.4
  100.0  16610  -82.9  -87.9     42   0.00    135     17  367.3  367.3  367.3
   98.0  16721  -83.3  -88.3     43   0.00    135     15  368.6  368.6  368.6
   85.0  17505  -86.4  -90.9     45   0.00    145     28  377.7  377.7  377.7
   79.3  17888  -87.9  -92.2     46   0.00    125     37  382.2  382.2  382.2
   77.0  18051  -86.0  -91.3     39   0.00    125     40  389.3  389.3  389.3
   71.1  18492  -80.9  -88.9     25   0.00    117     29  409.2  409.2  409.2
   70.0  18580  -81.5  -89.5     25   0.00    115     27  409.7  409.7  409.7
   66.0  18912  -80.8  -89.8     21   0.00     90     28  418.2  418.2  418.2
   58.0  19641  -79.3  -90.3     15   0.00     79     36  437.3  437.3  437.3
   55.3  19916  -73.3  -87.3     10   0.00     75     39  457.0  457.0  457.0
   55.0                                        75     39                     

                         Station identifier: SBMN
                             Station number: 82332
                           Observation time: 260206/0000
                           Station latitude: -3.15
                          Station longitude: -59.98
                          Station elevation: 84.0
                            Showalter index: -1.14
                               Lifted index: -3.35
    LIFT computed using virtual temperature: -3.84
                                SWEAT index: 249.62
                                    K index: 38.50
                         Cross totals index: 21.40
                      Vertical totals index: 22.70
                        Totals totals index: 44.10
      Convective Available Potential Energy: 1900.64
             CAPE using virtual temperature: 2052.54
                      Convective Inhibition: -21.86
             CINS using virtual temperature: -18.31
                           Equilibrum Level: 120.82
 Equilibrum Level using virtual temperature: 120.78
                   Level of Free Convection: 871.04
             LFCT using virtual temperature: 879.99
                     Bulk Richardson Number: 1030.37
          Bulk Richardson Number using CAPV: 1112.72
  Temp [K] of the Lifted Condensation Level: 295.71
Pres [hPa] of the Lifted Condensation Level: 936.72
   Equivalent potential temp [K] of the LCL: 356.82
     Mean mixed layer potential temperature: 301.31
              Mean mixed layer mixing ratio: 18.80
              1000 hPa to 500 hPa thickness: 5806.00
Precipitable water [mm] for entire sounding: 63.37
