82332 SBMN Manaus (Aeroporto) Observations at 12Z 05 Jan 2026
-----------------------------------------------------------------------------
   PRES   HGHT   TEMP   DWPT   RELH   MIXR   DRCT   SKNT   THTA   THTE   THTV
    hPa     m      C      C      %    g/kg    deg   knot     K      K      K 
-----------------------------------------------------------------------------
 1003.0     84   25.0   22.5     86  17.45    100      2  297.9  348.7  301.0
 1000.0    111   24.2   22.4     90  17.39    135      6  297.4  347.9  300.4
  980.0    288   22.2   22.2    100  17.53    108      7  297.1  347.9  300.2
  959.0    477   21.0   18.8     87  14.45     79      9  297.7  339.8  300.3
  953.0    532   24.0   19.3     75  15.02     70      9  301.3  345.7  304.0
  946.0    597   25.2   20.2     74  16.02     60     10  303.1  350.9  306.0
  925.0    794   23.6   20.4     82  16.61     30     11  303.4  353.0  306.4
  920.0    841   23.3   20.2     83  16.48     30     11  303.6  352.7  306.6
  887.0   1161   21.0   18.8     87  15.65     23     12  304.4  351.3  307.2
  855.0   1479   18.9   15.8     82  13.37     15     13  305.4  345.7  307.9
  850.0   1530   18.6   15.3     81  13.03     15     13  305.6  344.9  308.0
  801.0   2037   15.3   12.5     84  11.51     35     15  307.3  342.4  309.4
  777.0   2296   13.6   11.1     85  10.79     25     13  308.2  341.2  310.2
  754.0   2550   12.6    5.6     62   7.62     15     11  309.8  333.4  311.2
  742.0   2684   11.8    5.5     65   7.67     10     10  310.3  334.1  311.7
  737.0   2741   11.4    5.4     67   7.69     14     10  310.5  334.4  311.9
  719.0   2948   11.2   -3.8     35   4.03     30     10  312.5  325.5  313.2
  702.0   3147   10.2    3.2     62   6.91     26     14  313.5  335.4  314.8
  700.0   3171   10.0    4.0     66   7.33     25     14  313.5  336.7  314.9
  655.0   3720    5.8    2.4     79   7.00     10     16  314.8  337.1  316.1
  614.0   4246    2.8   -3.7     62   4.78    355     18  317.3  332.9  318.2
  595.0   4502    1.4   -6.6     55   3.94    358     13  318.4  331.5  319.2
  585.0   4637    0.4   -6.5     60   4.03      0     11  318.9  332.2  319.6
  522.0   5543   -6.1   -6.1    100   4.67    331      7  321.6  337.1  322.5
  513.0   5679   -6.7   -6.7    100   4.54    327      7  322.4  337.6  323.3
  509.0   5740   -7.5  -13.5     62   2.67    325      7  322.2  331.3  322.7
  501.0   5864   -4.3  -28.3     13   0.75    321      6  327.5  330.4  327.7
  500.0   5880   -4.3  -28.3     13   0.75    320      6  327.7  330.5  327.9
  473.0   6314   -6.7  -26.7     19   0.92    345      6  330.0  333.4  330.2
  452.0   6665   -9.1  -15.1     62   2.63      5      6  331.3  340.6  331.8
  417.0   7284  -11.7  -21.7     43   1.63     41      7  335.7  341.7  336.0
  400.0   7600  -14.3  -24.3     42   1.35     60      7  336.3  341.4  336.6
  372.0   8146  -19.1  -28.1     45   1.02     12      2  337.0  340.9  337.2
  365.0   8286  -20.1  -26.7     56   1.19      0      1  337.5  341.9  337.7
  348.0   8639  -22.7  -23.2     96   1.71    195     10  338.6  345.0  339.0
  322.0   9204  -27.5  -27.5    100   1.25    191     10  339.6  344.3  339.8
  315.0   9361  -28.5  -29.2     94   1.09    190     10  340.3  344.5  340.6
  307.0   9545  -29.7  -31.1     87   0.93    170     11  341.2  344.8  341.4
  300.0   9710  -30.7  -32.9     81   0.80    205      7  342.0  345.1  342.2
  290.0   9950  -32.4  -35.6     74   0.64    170     11  342.9  345.4  343.0
  284.0  10098  -33.5  -37.2     69   0.55    145     14  343.4  345.6  343.5
  267.0  10528  -37.2  -39.6     78   0.46    150     17  344.1  345.9  344.2
  264.0  10606  -37.9  -40.1     80   0.44    145     18  344.2  346.0  344.3
  250.0  10980  -40.9  -45.4     62   0.27    120     22  345.1  346.2  345.2
  248.0  11034  -41.3  -46.6     56   0.23    120     22  345.3  346.3  345.3
  227.0  11630  -46.1  -60.1     19   0.05    134     25  346.8  347.1  346.8
  218.0  11896  -48.2  -62.2     18   0.04    140     26  347.7  347.9  347.7
  205.0  12300  -51.3  -65.3     17   0.03    129     28  348.9  349.0  348.9
  200.0  12460  -52.7  -65.7     19   0.03    125     29  349.1  349.3  349.2
  184.0  12990  -57.5  -67.8     26   0.02    125     33  349.8  349.9  349.8
  182.0  13059  -58.1  -68.1     27   0.02    123     32  349.9  350.0  349.9
  176.0  13266  -59.5  -69.5     26   0.02    115     27  351.0  351.1  351.0
  165.0  13663  -62.2  -72.2     25   0.01    135     13  353.1  353.1  353.1
  157.0  13969  -64.2  -74.2     24   0.01    140     13  354.6  354.7  354.6
  150.0  14250  -66.1  -76.1     23   0.01    165      9  356.0  356.1  356.0
  148.0  14331  -66.3  -77.3     20   0.01    169      9  357.1  357.1  357.1
  137.0  14790  -70.2  -77.9     32   0.01    195      7  358.1  358.1  358.1
  131.0  15056  -72.5  -78.2     42   0.01    220     11  358.6  358.6  358.6
  126.0  15287  -74.5  -78.5     54   0.01    216     11  359.0  359.1  359.0
  125.0  15333  -74.8  -78.9     53   0.01    215     11  359.2  359.2  359.2
  117.0  15712  -77.8  -82.4     48   0.00    250     11  360.7  360.7  360.7
  114.0  15861  -78.9  -83.7     46   0.00    245     13  361.2  361.2  361.2
  111.0  16014  -80.1  -85.1     44   0.00    228     15  361.8  361.8  361.8
  108.0  16168  -80.9  -85.9     43   0.00    210     17  363.1  363.1  363.1
  104.0  16380  -82.0  -87.0     43   0.00    220     13  365.0  365.0  365.0
  100.0  16600  -83.1  -88.1     42   0.00    265     17  366.9  366.9  366.9
   95.0  16882  -84.6  -89.6     41   0.00    250     18  369.3  369.3  369.3
   92.0  17059  -85.6  -90.6     41   0.00    235     12  370.8  370.8  370.8
   89.0  17242  -86.6  -91.6     41   0.00    160     11  372.4  372.4  372.4
   85.8  17443  -87.7  -92.7     40   0.00    130     13  374.1  374.1  374.1
   83.0  17626  -85.3  -91.2     35   0.00     90     16  382.4  382.4  382.4
   80.0  17829  -82.7  -89.6     30   0.00     70     22  391.8  391.8  391.8
   79.5  17864  -82.3  -89.3     30   0.00     69     21  393.4  393.4  393.4
   76.0  18115  -83.1  -90.1     29   0.00     60     14  396.9  397.0  396.9
   74.9  18197  -83.3  -90.3     29   0.00     65     13  398.1  398.1  398.1
   73.0  18342  -80.7  -89.3     23   0.00     75     12  406.5  406.5  406.5
   70.3  18555  -76.9  -87.9     16   0.00    102      3  419.0  419.1  419.0
   70.0  18580  -76.7  -87.7     16   0.00    105      2  420.0  420.0  420.0
   69.0  18663  -76.7  -87.9     16   0.00    175      2  421.8  421.8  421.8
   65.0  19007  -76.6  -88.7     13   0.00    175     10  429.2  429.2  429.2
   62.0  19280  -76.5  -89.3     12   0.00    130     23  435.2  435.2  435.2
   61.0  19373  -76.5  -89.5     11   0.00    120     22  437.3  437.3  437.3
   58.0  19671  -73.8  -89.2      8   0.00     90     19  449.6  449.6  449.6
   51.4  20383  -67.5  -88.5      4   0.00     67     32  480.2  480.2  480.2
   51.0  20431  -67.4  -88.7      3   0.00     65     33  481.4  481.4  481.4
   50.0  20550  -67.3  -89.3      3   0.00     70     31  484.5  484.5  484.5
   49.0  20672  -67.5  -89.5      3   0.00     90     37  486.7  486.7  486.7
   46.7  20961  -68.1  -90.1      3   0.00     86     39  492.1  492.1  492.1
   46.0  21053  -67.8  -90.1      3   0.00     85     40  495.0  495.0  495.0
   43.0  21464  -66.4  -90.0      2   0.00    105     51  507.9  507.9  507.9
   38.0  22217  -64.0  -90.0      2   0.00     95     62  532.5  532.5  532.5
   37.9  22233  -63.9  -90.0      2   0.00     95     62  533.0  533.1  533.0
   34.3  22841  -61.9  -89.9      1   0.00     90     52  553.7  553.7  553.7
   34.0  22895  -62.1  -89.8      1   0.00     90     51  554.5  554.5  554.5
   33.5  22987  -62.5  -89.5      2   0.00                555.9  555.9  555.9

                         Station identifier: SBMN
                             Station number: 82332
                           Observation time: 260105/1200
                           Station latitude: -3.15
                          Station longitude: -59.98
                          Station elevation: 84.0
                            Showalter index: 0.65
                               Lifted index: 0.36
    LIFT computed using virtual temperature: -0.40
                                SWEAT index: 215.59
                                    K index: 32.20
                         Cross totals index: 19.60
                      Vertical totals index: 22.90
                        Totals totals index: 42.50
      Convective Available Potential Energy: 175.94
             CAPE using virtual temperature: 234.80
                      Convective Inhibition: -153.83
             CINS using virtual temperature: -129.16
                           Equilibrum Level: 303.03
 Equilibrum Level using virtual temperature: 302.61
                   Level of Free Convection: 678.68
             LFCT using virtual temperature: 770.21
                     Bulk Richardson Number: 10.36
          Bulk Richardson Number using CAPV: 13.82
  Temp [K] of the Lifted Condensation Level: 293.75
Pres [hPa] of the Lifted Condensation Level: 950.85
   Equivalent potential temp [K] of the LCL: 345.63
     Mean mixed layer potential temperature: 298.02
              Mean mixed layer mixing ratio: 16.40
              1000 hPa to 500 hPa thickness: 5769.00
Precipitable water [mm] for entire sounding: 52.95
