82332 SBMN Manaus (Aeroporto) Observations at 12Z 25 Feb 2026
-----------------------------------------------------------------------------
   PRES   HGHT   TEMP   DWPT   RELH   MIXR   DRCT   SKNT   THTA   THTE   THTV
    hPa     m      C      C      %    g/kg    deg   knot     K      K      K 
-----------------------------------------------------------------------------
 1002.0     84   25.8   23.7     88  18.82      0      0  298.8  353.8  302.1
 1000.0    102   25.4   23.4     89  18.51    105      2  298.6  352.6  301.9
  965.0    415   24.4   20.0     76  15.52     55     11  300.6  346.4  303.4
  943.0    618   23.8   17.8     69  13.81     45     18  302.0  343.0  304.5
  929.0    749   23.4   16.4     65  12.79     41     19  302.9  341.0  305.2
  925.0    787   23.0   16.0     65  12.51     40     19  302.8  340.1  305.1
  915.0    881   22.2   16.0     68  12.67     40     19  303.0  340.8  305.3
  850.0   1520   17.0   16.2     95  13.82     50     14  303.9  345.3  306.5
  844.0   1581   16.6   16.1     97  13.83     51     14  304.1  345.5  306.7
  791.0   2133   13.6   13.6    100  12.53     57     16  306.6  344.6  308.9
  772.0   2337   12.7   12.3     97  11.76     60     16  307.8  343.6  310.0
  741.0   2682   11.3   10.0     92  10.54     80     17  309.9  342.3  311.8
  735.0   2751   11.0    9.6     91  10.31     79     18  310.3  342.1  312.2
  723.0   2889   11.4    8.6     83   9.79     76     20  312.2  342.7  314.0
  700.0   3159   10.0    6.3     78   8.63     70     25  313.5  340.6  315.2
  698.0   3183    9.9    5.9     76   8.41     70     26  313.7  340.2  315.3
  681.0   3388    9.4    2.4     62   6.73     76     23  315.3  336.8  316.6
  656.0   3697    7.6    3.8     77   7.73     85     19  316.7  341.4  318.2
  639.0   3915    6.4    4.8     90   8.51     84     18  317.7  344.9  319.3
  606.0   4349    4.6   -3.4     56   4.94     82     16  320.5  336.8  321.4
  569.0   4860    1.2   -3.1     73   5.36     80     13  322.3  340.0  323.3
  563.0   4946    0.6   -3.1     76   5.44     76     13  322.6  340.6  323.6
  523.0   5534   -2.7  -12.8     46   2.74     50     16  325.5  335.0  326.1
  518.0   5611   -3.1  -14.1     42   2.49     50     15  325.9  334.6  326.4
  500.0   5890   -5.3   -9.6     72   3.71     50     12  326.5  339.2  327.2
  499.0   5906   -5.5   -9.5     73   3.75     50     12  326.5  339.3  327.2
  464.0   6473   -8.7  -11.4     81   3.47     48     10  329.3  341.4  330.0
  442.0   6848   -9.7  -17.7     52   2.17     47      8  332.7  340.5  333.1
  408.0   7460  -14.1  -30.1     25   0.77     45      6  334.7  337.6  334.8
  400.0   7610  -15.3  -29.3     29   0.85     45      5  335.0  338.3  335.2
  396.0   7685  -15.8  -29.6     30   0.84     45      5  335.4  338.6  335.5
  379.0   8015  -17.9  -30.9     31   0.77     20     14  336.8  339.8  336.9
  340.0   8812  -25.5  -32.2     54   0.76     35     17  337.1  340.1  337.2
  336.0   8899  -26.3  -32.3     57   0.76     47     18  337.1  340.1  337.3
  324.0   9161  -27.3  -30.3     76   0.96     85     20  339.2  342.9  339.4
  309.0   9499  -29.6  -33.5     69   0.74    110     21  340.6  343.5  340.8
  300.0   9710  -31.1  -35.5     65   0.62    110     23  341.4  343.9  341.6
  298.0   9758  -31.3  -36.0     63   0.60    109     23  341.8  344.2  341.9
  284.0  10098  -34.3  -40.3     54   0.40    105     22  342.2  343.9  342.3
  266.0  10551  -38.1  -42.7     62   0.33    125     24  343.1  344.5  343.2
  250.0  10980  -41.7  -45.0     70   0.28    115     28  343.9  345.1  344.0
  242.0  11199  -43.5  -45.5     80   0.27    112     30  344.4  345.6  344.5
  222.0  11768  -48.2  -52.1     64   0.14    105     37  345.8  346.4  345.8
  210.0  12135  -51.3  -56.3     55   0.09    108     40  346.5  346.9  346.5
  200.0  12450  -53.5  -62.5     32   0.04    110     43  347.9  348.1  347.9
  190.0  12774  -55.8  -65.5     29   0.03    105     47  349.4  349.5  349.4
  174.0  13329  -59.7  -70.7     23   0.02     84     34  351.8  351.9  351.8
  162.0  13771  -61.9  -75.9     14   0.01     66     23  355.3  355.4  355.4
  158.0  13923  -63.3  -76.3     16   0.01     60     19  355.6  355.6  355.6
  150.0  14240  -66.1  -77.1     20   0.01      5     11  356.0  356.1  356.0
  143.0  14527  -68.6  -78.8     22   0.01    335      8  356.5  356.5  356.5
  134.0  14916  -72.1  -81.1     25   0.00    277     14  357.0  357.1  357.0
  130.0  15091  -73.2  -81.9     26   0.00    250     17  358.2  358.2  358.2
  116.0  15747  -77.3  -84.8     30   0.00    230     13  362.4  362.4  362.4
  105.0  16321  -80.9  -87.3     34   0.00    135     14  366.0  366.1  366.0
  101.0  16544  -82.3  -88.3     36   0.00    120     15  367.4  367.4  367.4
  100.0  16600  -82.5  -88.5     36   0.00    120     15  368.1  368.1  368.1
   95.0  16885  -83.6  -89.6     35   0.00     45     15  371.4  371.4  371.4
   90.0  17186  -84.7  -90.7     35   0.00     20     12  375.0  375.0  375.0
   88.2  17298  -85.1  -91.1     34   0.00     25     12  376.3  376.3  376.3
   88.0  17311  -85.1  -91.1     34   0.00     25     12  376.6  376.6  376.6
   87.0  17374  -85.1  -91.1     34   0.00     50     11  377.7  377.7  377.7
   86.0  17438  -85.2  -91.2     34   0.00     80     15  378.9  378.9  378.9
   77.6  18005  -85.5  -91.5     34   0.00     95     27  389.5  389.5  389.5
   75.0  18198  -81.7  -89.8     25   0.00    100     31  401.2  401.2  401.2
   70.1  18582  -74.3  -86.3     14   0.00     85      8  424.9  424.9  424.9
   70.0  18590  -74.3  -86.3     14   0.00     85      8  425.1  425.1  425.1
   69.0  18674  -74.3  -86.4     14   0.00     85      8  426.9  427.0  426.9
   65.0  19022  -74.1  -87.0     12   0.00    155     15  434.6  434.6  434.6
   54.9  20005  -73.7  -88.7      9   0.00     87     28  457.0  457.1  457.0
   54.0  20103  -72.3  -88.3      8   0.00     80     29  462.4  462.4  462.4
   51.3  20406  -68.1  -87.1      5   0.00     58     23  479.1  479.1  479.1
   51.0  20441  -68.3  -87.3      5   0.00     55     22  479.4  479.5  479.4
   50.0  20560  -68.9  -87.9      5   0.00     55     21  480.7  480.7  480.7
   49.0  20681  -69.0  -88.1      5   0.00     75     21  483.4  483.4  483.4
   47.0  20930  -69.1  -88.5      5   0.00     90     27  488.9  488.9  488.9
   43.6  21378  -69.3  -89.3      4   0.00     85     38  498.9  498.9  498.9
   40.0  21896  -67.2  -88.8      3   0.00     80     50  516.6  516.7  516.6
   39.2  22017  -66.7  -88.7      3   0.00     76     50  520.9  520.9  520.9
   39.0                                        75     50                     

                         Station identifier: SBMN
                             Station number: 82332
                           Observation time: 260225/1200
                           Station latitude: -3.15
                          Station longitude: -59.98
                          Station elevation: 84.0
                            Showalter index: -0.49
                               Lifted index: -1.47
    LIFT computed using virtual temperature: -1.81
                                SWEAT index: 234.42
                                    K index: 34.80
                         Cross totals index: 21.50
                      Vertical totals index: 22.30
                        Totals totals index: 43.80
      Convective Available Potential Energy: 399.20
             CAPE using virtual temperature: 480.54
                      Convective Inhibition: -48.58
             CINS using virtual temperature: -35.66
                           Equilibrum Level: 205.00
 Equilibrum Level using virtual temperature: 204.85
                   Level of Free Convection: 852.37
             LFCT using virtual temperature: 857.16
                     Bulk Richardson Number: 60.39
          Bulk Richardson Number using CAPV: 72.70
  Temp [K] of the Lifted Condensation Level: 293.16
Pres [hPa] of the Lifted Condensation Level: 921.70
   Equivalent potential temp [K] of the LCL: 347.83
     Mean mixed layer potential temperature: 300.09
              Mean mixed layer mixing ratio: 16.34
              1000 hPa to 500 hPa thickness: 5788.00
Precipitable water [mm] for entire sounding: 55.38
