82332 SBMN Manaus (Aeroporto) Observations at 00Z 08 Jan 2026
-----------------------------------------------------------------------------
   PRES   HGHT   TEMP   DWPT   RELH   MIXR   DRCT   SKNT   THTA   THTE   THTV
    hPa     m      C      C      %    g/kg    deg   knot     K      K      K 
-----------------------------------------------------------------------------
 1001.0     84   24.8   23.8     94  18.96      0      0  297.9  353.1  301.2
 1000.0     90   24.8   23.7     94  18.86    130      6  297.9  352.9  301.3
  994.0    143   26.0   24.3     90  19.69    123      7  299.7  357.5  303.2
  973.0    332   25.2   23.4     90  19.01    100     12  300.7  356.8  304.1
  925.0    779   23.2   21.2     89  17.47     80     17  303.0  355.0  306.2
  894.0   1075   21.6   18.9     84  15.59     75     18  304.3  351.0  307.2
  876.0   1251   20.6   17.5     82  14.55     65     17  305.1  348.8  307.8
  850.0   1513   19.2   15.4     79  13.11     70     14  306.2  345.9  308.6
  834.0   1677   18.4   13.4     73  11.72     73     13  307.1  342.7  309.2
  798.0   2054   15.5   12.8     84  11.78     80     10  307.9  343.8  310.1
  792.0   2118   15.0   12.7     86  11.79     76     10  308.0  343.9  310.2
  757.0   2500   13.7    7.2     65   8.46     55     12  310.6  336.9  312.1
  745.0   2635   13.2    5.2     58   7.50     62     11  311.5  335.0  312.9
  739.0   2703   12.6    6.7     68   8.41     65     11  311.5  337.7  313.1
  734.0   2761   12.0    8.0     77   9.25     64     11  311.5  340.3  313.2
  700.0   3157   10.0    4.0     66   7.33     55     14  313.5  336.7  314.9
  695.0   3217    9.8    2.8     62   6.78     53     13  313.9  335.5  315.2
  673.0   3482    7.5    3.4     75   7.30     45     10  314.3  337.4  315.7
  657.0   3681    5.8    3.8     87   7.71     45      9  314.5  338.9  316.0
  609.0   4302    4.0    0.6     78   6.61     45      7  319.3  340.8  320.6
  500.0   5880   -5.5   -7.6     85   4.34     45      2  326.3  341.0  327.1
  471.0   6346   -8.5   -8.6     99   4.27     23      1  328.2  342.8  329.0
  442.0   6837  -10.4  -13.4     78   3.09      0      0  331.8  342.6  332.4
  429.0   7067  -11.3  -15.7     70   2.64     30      1  333.5  342.9  334.0
  400.0   7600  -15.1  -17.0     85   2.54    100      4  335.3  344.4  335.8
  397.0   7657  -15.5  -16.9     89   2.58    103      4  335.5  344.8  336.0
  333.0   8952  -24.3  -27.4     75   1.21    165     10  340.7  345.4  341.0
  326.0   9108  -25.4  -28.7     73   1.10    185     11  341.3  345.6  341.6
  307.0   9550  -28.4  -32.3     69   0.83    145     12  343.0  346.3  343.2
  300.0   9720  -29.5  -33.7     67   0.74    145     15  343.7  346.6  343.8
  297.0   9791  -30.0  -34.4     66   0.70    145     15  343.9  346.7  344.1
  281.0  10179  -33.0  -38.2     60   0.51    185     18  345.2  347.2  345.3
  272.0  10408  -34.7  -40.4     56   0.42    170     22  345.9  347.6  346.0
  266.0  10564  -35.9  -41.9     54   0.36    177     25  346.4  347.9  346.4
  263.0  10642  -36.6  -42.5     55   0.35    180     26  346.4  347.9  346.5
  250.0  10990  -39.9  -44.9     59   0.28    175     22  346.6  347.8  346.7
  225.0  11704  -46.1  -49.4     69   0.19    187     21  347.7  348.5  347.8
  212.0  12099  -49.3  -56.3     44   0.09    193     21  348.7  349.1  348.7
  200.0  12480  -52.7  -58.7     48   0.07    200     20  349.1  349.5  349.2
  195.0  12642  -54.3  -59.1     55   0.07    204     20  349.1  349.4  349.1
  188.0  12873  -55.8  -63.6     37   0.04    210     20  350.5  350.6  350.5
  179.0  13184  -57.7  -69.7     20   0.02    194     17  352.2  352.3  352.2
  174.0  13360  -59.4  -69.2     27   0.02    185     16  352.3  352.4  352.3
  170.0  13504  -60.8  -68.9     34   0.02    195     14  352.3  352.4  352.3
  167.0  13614  -61.9  -68.6     40   0.02    205     14  352.4  352.5  352.4
  163.0  13764  -63.3  -68.2     51   0.02    235     17  352.4  352.5  352.4
  152.0  14190  -65.1  -75.1     24   0.01    222     24  356.4  356.4  356.4
  150.0  14270  -65.9  -75.9     24   0.01    220     25  356.4  356.4  356.4
  146.0  14431  -67.3  -76.7     25   0.01    220     26  356.8  356.8  356.8
  140.0  14682  -69.4  -77.9     28   0.01    205     25  357.4  357.4  357.4
  130.0  15124  -73.1  -80.1     34   0.01    210     19  358.3  358.4  358.3
  118.0  15676  -77.0  -83.0     38   0.00    245     14  361.2  361.2  361.2
  101.0  16565  -83.3  -87.6     48   0.00    140      9  365.5  365.5  365.5
  100.0  16620  -83.5  -87.8     48   0.00    140      9  366.2  366.2  366.2
   97.0  16789  -84.2  -88.4     48   0.00    135     11  368.0  368.0  368.0
   95.8  16858  -84.5  -88.6     49   0.00    150      9  368.7  368.7  368.7
   93.0  17021  -85.0  -89.1     49   0.00    185      3  370.9  370.9  370.9
   87.0  17387  -86.1  -90.1     49   0.00    275     11  375.8  375.8  375.8
   83.0  17646  -86.8  -90.9     48   0.00    270     16  379.4  379.4  379.4
   78.0  17987  -87.9  -91.9     48   0.00    285     12  384.0  384.0  384.0
   76.0  18129  -88.3  -92.3     48   0.00    270     11  386.0  386.0  386.0
   72.0  18424  -86.6  -93.2     30   0.00    190     10  395.6  395.6  395.6
   71.3  18478  -86.3  -93.3     28   0.00    192      8  397.4  397.4  397.4
   70.0  18580  -81.7  -90.7     21   0.00    195      4  409.3  409.3  409.3
   69.6  18612  -79.3  -89.3     18   0.00    190      6  415.1  415.1  415.1
   67.2  18814  -75.7  -87.7     14   0.00    156     15  427.1  427.1  427.1
   64.8  19025  -76.3  -90.3     10   0.00    122     25  430.2  430.2  430.2
   64.0  19098  -74.5  -89.4      8   0.00    110     28  435.8  435.8  435.8
   62.3  19255  -70.5  -87.5      7   0.00     82     23  447.9  447.9  447.9
   59.0  19578  -70.8  -88.1      6   0.00     25     12  454.1  454.2  454.1
   57.0  19783  -71.1  -88.5      6   0.00     20     10  458.1  458.2  458.1
   51.0  20443  -71.8  -89.7      5   0.00    125     15  471.3  471.3  471.3
   50.0  20560  -71.9  -89.9      5   0.00    135     16  473.6  473.7  473.6
   49.0  20679  -72.3  -90.3      5   0.00    135     18  475.5  475.5  475.5
   48.4  20751  -72.5  -90.5      5   0.00    128     19  476.6  476.7  476.6
   45.0  21185  -68.8  -90.2      3   0.00     85     28  495.6  495.6  495.6
   43.5  21387  -67.1  -90.1      3   0.00     81     32  504.6  504.6  504.6
   43.0  21456  -67.3  -90.3      3   0.00     80     33  505.9  505.9  505.9
   40.0  21891  -68.3  -91.3      2   0.00    102     37  513.9  513.9  513.9
   39.0  22044  -67.6  -91.3      2   0.00    110     38  519.3  519.3  519.3
   34.2  22840  -64.1  -91.1      1   0.00     96     52  548.4  548.4  548.4
   34.0                                        95     53                     

                         Station identifier: SBMN
                             Station number: 82332
                           Observation time: 260108/0000
                           Station latitude: -3.15
                          Station longitude: -59.98
                          Station elevation: 84.0
                            Showalter index: -0.92
                               Lifted index: -4.60
    LIFT computed using virtual temperature: -5.08
                                SWEAT index: 214.81
                                    K index: 34.10
                         Cross totals index: 20.90
                      Vertical totals index: 24.70
                        Totals totals index: 45.60
      Convective Available Potential Energy: 1767.34
             CAPE using virtual temperature: 1924.99
                      Convective Inhibition: -23.69
             CINS using virtual temperature: -14.89
                           Equilibrum Level: 152.62
 Equilibrum Level using virtual temperature: 152.60
                   Level of Free Convection: 836.68
             LFCT using virtual temperature: 875.85
                     Bulk Richardson Number: 376.22
          Bulk Richardson Number using CAPV: 409.78
  Temp [K] of the Lifted Condensation Level: 296.05
Pres [hPa] of the Lifted Condensation Level: 948.76
   Equivalent potential temp [K] of the LCL: 356.35
     Mean mixed layer potential temperature: 300.55
              Mean mixed layer mixing ratio: 18.95
              1000 hPa to 500 hPa thickness: 5790.00
Precipitable water [mm] for entire sounding: 59.81
