82332 SBMN Manaus (Aeroporto) Observations at 12Z 02 Feb 2026
-----------------------------------------------------------------------------
   PRES   HGHT   TEMP   DWPT   RELH   MIXR   DRCT   SKNT   THTA   THTE   THTV
    hPa     m      C      C      %    g/kg    deg   knot     K      K      K 
-----------------------------------------------------------------------------
 1005.0     84   23.2   22.2     94  17.09     40      6  295.9  345.3  298.9
 1000.0    132   23.6   21.6     89  16.54     40      6  296.8  344.7  299.7
  993.0    194   23.6   20.8     84  15.84     39      8  297.4  343.4  300.2
  968.0    417   23.0   18.5     76  14.04     34     17  298.9  340.0  301.4
  948.0    598   22.2   17.9     77  13.85     30     24  299.9  340.6  302.4
  925.0    812   21.2   17.3     78  13.62     45     24  301.0  341.2  303.4
  901.0   1040   20.2   16.1     77  12.94     55     29  302.3  340.7  304.6
  895.0   1098   20.0   15.8     77  12.77     55     29  302.6  340.6  304.9
  850.0   1542   17.0   15.1     89  12.86     55     33  303.9  342.4  306.3
  845.0   1592   16.7   14.8     89  12.73     55     33  304.1  342.3  306.5
  774.0   2332   12.5   11.1     92  10.87     85     28  307.3  340.4  309.3
  723.0   2906    9.2    8.3     94   9.57     85     26  309.7  339.2  311.5
  700.0   3179    7.6    6.9     95   8.99     75     25  310.9  338.8  312.6
  696.0   3226    7.2    7.1     99   9.17     74     24  310.9  339.4  312.6
  659.0   3676    5.8    5.7    100   8.81     65     14  314.2  341.9  315.9
  639.0   3929    5.0    5.0    100   8.61     40     10  316.1  343.4  317.7
  635.0   3981    4.8    4.8    100   8.57     37     10  316.5  343.7  318.1
  588.0   4598    1.6    1.5    100   7.30      5     10  319.7  343.3  321.1
  572.0   4820    0.4    0.3     99   6.89     55     11  320.9  343.3  322.2
  525.0   5508   -3.2   -3.4     99   5.71     90     14  324.5  343.5  325.6
  500.0   5900   -5.3   -5.5     98   5.11    130     22  326.5  343.7  327.5
  495.0   5978   -5.7   -6.0     98   4.99    135     23  327.0  343.8  327.9
  443.0   6839  -10.1  -10.9     94   3.79    130     16  331.9  345.1  332.7
  432.0   7034  -11.1  -12.0     93   3.55    135     14  333.1  345.5  333.8
  420.0   7248  -12.4  -13.2     94   3.31    140     12  334.1  345.8  334.7
  400.0   7620  -14.7  -15.3     95   2.93    105      9  335.8  346.3  336.4
  381.0   7979  -17.1  -18.1     92   2.43    100      8  337.3  346.2  337.8
  338.0   8861  -23.0  -24.9     84   1.51     40     11  341.0  346.7  341.3
  330.0   9038  -24.2  -26.3     83   1.37     50     13  341.7  346.9  342.0
  322.0   9218  -25.4  -27.7     81   1.23     25     13  342.5  347.2  342.7
  314.0   9404  -26.6  -29.1     80   1.10     35     10  343.2  347.5  343.4
  300.0   9740  -28.9  -31.7     77   0.90     25     13  344.5  348.1  344.7
  287.0  10054  -31.1  -34.4     73   0.73     10     12  345.7  348.6  345.9
  274.0  10383  -33.5  -37.2     69   0.57     30     11  346.9  349.3  347.0
  265.0  10615  -35.5  -39.4     67   0.47     45     11  347.3  349.2  347.4
  259.0  10774  -36.9  -41.0     66   0.41     35     14  347.5  349.2  347.6
  250.0  11020  -39.1  -43.3     64   0.33     40     11  347.8  349.2  347.9
  234.0  11466  -42.9  -46.9     65   0.24     15     15  348.7  349.7  348.7
  220.0  11882  -46.5  -50.3     65   0.17     55     15  349.4  350.2  349.4
  216.0  12006  -47.5  -51.3     65   0.16     55     14  349.6  350.3  349.6
  203.0  12412  -51.2  -56.8     51   0.09     55     10  350.0  350.4  350.0
  200.0  12510  -52.1  -58.1     48   0.07     70     10  350.1  350.4  350.1
  192.0  12767  -54.5  -60.9     45   0.05     95     11  350.4  350.7  350.4
  169.0  13571  -61.9  -69.7     35   0.02    100     13  351.1  351.2  351.1
  166.0  13684  -62.9  -70.9     33   0.02    112     15  351.2  351.3  351.2
  163.0  13796  -63.6  -72.0     31   0.01    125     18  351.8  351.9  351.8
  158.0  13986  -64.9  -73.9     28   0.01    133     16  352.8  352.9  352.8
  150.0  14300  -67.9  -73.9     42   0.01    145     12  352.9  353.0  352.9
  144.0  14544  -69.9  -75.9     41   0.01    155     13  353.6  353.6  353.6
  138.0  14787  -71.7  -77.5     42   0.01    130     18  354.8  354.9  354.8
  130.0  15129  -74.1  -79.7     42   0.01    145     25  356.5  356.6  356.5
  113.0  15931  -79.9  -84.8     44   0.00    130     18  360.4  360.4  360.4
  110.0  16085  -81.0  -85.8     45   0.00    100     20  361.1  361.1  361.1
  100.0  16630  -84.9  -89.3     46   0.00     90     25  363.4  363.5  363.4
   94.0  16968  -87.1  -91.1     49   0.00     80     32  365.6  365.6  365.6
   85.9  17458  -87.5  -92.5     40   0.00     67     43  374.3  374.4  374.3
   85.0  17516  -86.4  -92.0     37   0.00     65     44  377.7  377.7  377.7
   81.1  17775  -81.5  -89.5     25   0.00     94     48  392.8  392.9  392.8
   81.0  17782  -81.5  -89.5     25   0.00     95     48  393.0  393.0  393.0
   78.0  17994  -80.9  -89.9     21   0.00     95     57  398.4  398.4  398.4
   77.9  18001  -80.9  -89.9     21   0.00     95     57  398.6  398.6  398.6
   71.8  18470  -71.5  -88.5      6   0.00     87     36  428.0  428.0  428.0
   70.0  18620  -70.9  -87.9      7   0.00     85     29  432.4  432.4  432.4
   69.1  18697  -70.7  -88.7      6   0.00     90     18  434.4  434.4  434.4
   69.0                                        90     17                     

                         Station identifier: SBMN
                             Station number: 82332
                           Observation time: 260202/1200
                           Station latitude: -3.15
                          Station longitude: -59.98
                          Station elevation: 84.0
                            Showalter index: 0.61
                               Lifted index: 0.90
    LIFT computed using virtual temperature: 0.95
                                SWEAT index: 269.21
                                    K index: 36.70
                         Cross totals index: 20.40
                      Vertical totals index: 22.30
                        Totals totals index: 42.70
      Convective Available Potential Energy: 8.66
             CAPE using virtual temperature: 11.51
                      Convective Inhibition: -100.33
             CINS using virtual temperature: -90.66
                           Equilibrum Level: 664.33
 Equilibrum Level using virtual temperature: 664.20
                   Level of Free Convection: 736.83
             LFCT using virtual temperature: 745.31
                     Bulk Richardson Number: 0.65
          Bulk Richardson Number using CAPV: 0.86
  Temp [K] of the Lifted Condensation Level: 291.89
Pres [hPa] of the Lifted Condensation Level: 927.66
   Equivalent potential temp [K] of the LCL: 341.66
     Mean mixed layer potential temperature: 298.24
              Mean mixed layer mixing ratio: 14.94
              1000 hPa to 500 hPa thickness: 5768.00
Precipitable water [mm] for entire sounding: 60.06
