82332 SBMN Manaus (Aeroporto) Observations at 00Z 12 Jan 2026
-----------------------------------------------------------------------------
   PRES   HGHT   TEMP   DWPT   RELH   MIXR   DRCT   SKNT   THTA   THTE   THTV
    hPa     m      C      C      %    g/kg    deg   knot     K      K      K 
-----------------------------------------------------------------------------
 1000.0     77                                                               
  999.0     84   22.0   21.3     96  16.25    260      2  295.2  342.0  298.1
  992.0    146   23.0   21.3     90  16.36    276      3  296.8  344.3  299.7
  978.0    271   22.0   20.8     93  16.09    307      6  297.0  343.7  299.9
  936.0    657   24.0   17.0     65  13.19     45     13  302.8  342.1  305.2
  925.0    761   23.4   16.4     65  12.84     55     15  303.2  341.6  305.6
  895.0   1048   22.1   14.0     60  11.34     90     15  304.8  339.0  306.9
  850.0   1496   20.2   10.2     53   9.27     80     16  307.3  335.7  309.0
  849.0   1506   20.2   10.2     53   9.28     80     16  307.4  335.8  309.1
  812.0   1886   18.3    8.6     53   8.68     90     21  309.3  336.2  310.9
  739.0   2688   14.3    5.1     54   7.49     65     10  313.4  337.1  314.8
  710.0   3029   12.6    3.6     54   7.03     54      6  315.1  337.5  316.5
  700.0   3148   11.4    3.4     58   7.03     50      4  315.1  337.5  316.4
  650.0   3762    5.8    2.8     81   7.26    356     11  315.5  338.6  316.9
  645.0   3824    5.5    2.6     82   7.19    350     12  315.8  338.7  317.2
  620.0   4143    3.7    1.3     84   6.84    345     13  317.4  339.4  318.7
  586.0   4597    1.2   -0.4     89   6.37     55     11  319.7  340.4  320.9
  514.0   5652   -4.5   -4.5    100   5.36    140     16  324.9  342.8  326.0
  510.0   5714   -4.6   -5.0     97   5.19    145     16  325.5  342.9  326.5
  500.0   5870   -4.9   -6.4     89   4.77    145     18  327.0  343.1  327.9
  489.0   6045   -5.4   -7.4     86   4.50    135     19  328.4  343.8  329.3
  476.0   6258   -6.1   -8.7     82   4.19    140     15  330.1  344.6  331.0
  452.0   6661   -9.3  -10.7     90   3.77    150      6  331.0  344.1  331.8
  445.0   6783  -10.3  -11.3     92   3.64    157      7  331.3  344.0  332.0
  420.0   7226  -12.7  -14.1     89   3.07    185     10  333.7  344.6  334.4
  400.0   7600  -14.7  -16.5     86   2.65    170     16  335.8  345.3  336.3
  385.0   7887  -16.5  -19.3     79   2.17    153     13  337.1  345.1  337.6
  382.0   7945  -16.9  -19.7     79   2.12    150     12  337.3  345.1  337.8
  365.0   8281  -19.2  -21.7     81   1.85    170     13  338.6  345.5  339.0
  348.0   8633  -21.7  -23.9     82   1.60    145     11  339.9  346.0  340.3
  341.0   8783  -22.8  -24.8     83   1.50    135      8  340.5  346.2  340.8
  331.0   9002  -24.3  -26.2     84   1.37    156     12  341.3  346.5  341.6
  322.0   9202  -25.4  -31.3     58   0.88    175     15  342.5  345.9  342.6
  315.0   9361  -26.3  -35.3     42   0.60    175     15  343.4  345.8  343.5
  303.0   9639  -28.7  -35.7     51   0.60    175     16  343.8  346.3  344.0
  300.0   9710  -29.1  -37.1     46   0.53    175     16  344.2  346.4  344.4
  291.0   9927  -30.5  -42.7     29   0.31    190     18  345.2  346.5  345.3
  285.0  10076  -31.5  -46.5     21   0.21    195     19  345.9  346.8  345.9
  273.0  10379  -34.3  -44.3     36   0.27    205     20  346.1  347.3  346.2
  265.0  10587  -35.9  -53.9     14   0.09    212     20  346.7  347.2  346.8
  250.0  10990  -39.3  -55.3     17   0.08    225     22  347.5  347.9  347.5
  235.0  11409  -43.1  -63.1      9   0.03    209     25  347.9  348.1  348.0
  214.0  12025  -48.3  -66.0     11   0.02    185     30  349.3  349.4  349.3
  200.0  12470  -52.1  -68.1     13   0.02    195     30  350.1  350.2  350.1
  199.0  12503  -52.5  -68.5     13   0.02    195     29  350.0  350.1  350.0
  187.0  12896  -55.4  -70.6     13   0.01    175     28  351.6  351.7  351.6
  159.0  13921  -62.9  -76.1     15   0.01    220     33  355.5  355.6  355.5
  157.0  14001  -63.5  -76.5     16   0.01    221     34  355.8  355.9  355.8
  150.0  14280  -66.3  -76.3     23   0.01    225     37  355.7  355.7  355.7
  126.0  15309  -76.1  -79.1     63   0.01    235     43  356.1  356.2  356.1
  106.0  16282  -82.5  -86.6     50   0.00    245     49  361.9  362.0  361.9
  100.0  16610  -84.7  -89.1     46   0.00    220     36  363.8  363.9  363.8
   94.0  16955  -84.1  -89.3     40   0.00    200     29  371.6  371.6  371.6
   88.0  17323  -83.4  -89.5     35   0.00    135     32  380.0  380.0  380.0
   83.0  17650  -82.8  -89.6     31   0.00    115     19  387.6  387.6  387.6
   77.0  18068  -82.1  -89.8     26   0.00     20     10  397.5  397.6  397.5
   73.0  18366  -81.5  -90.0     23   0.00    310      2  404.8  404.8  404.8
   70.0  18600  -81.1  -90.1     21   0.00    145     15  410.6  410.6  410.6
   68.0  18763  -81.0  -90.0     21   0.00    145     18  414.3  414.3  414.3
   67.4  18813  -80.9  -89.9     21   0.00    145     16  415.5  415.5  415.5
   66.0  18933  -79.0  -89.1     18   0.00    145     11  422.1  422.1  422.1
   64.9  19028  -77.5  -88.5     16   0.00    118     13  427.4  427.4  427.4
   64.0  19109  -77.3  -88.5     15   0.00     95     14  429.6  429.6  429.6
   60.0  19483  -76.2  -88.6     13   0.00     95      1  439.9  439.9  439.9
   56.0  19882  -75.1  -88.6     11   0.00     10     17  451.2  451.2  451.2
   54.0  20093  -74.5  -88.7     10   0.00      5     14  457.2  457.3  457.2
   51.2  20401  -73.7  -88.7      9   0.00     70     13  466.2  466.3  466.2
   51.0  20424  -73.8  -88.8      9   0.00     75     13  466.6  466.6  466.6
   50.0  20540  -74.1  -89.1      8   0.00     80     13  468.5  468.5  468.5
   48.0  20777  -74.9  -89.9      8   0.00    115     13  472.1  472.2  472.1
   46.9  20912  -75.3  -90.3      8   0.00    115     20  474.2  474.3  474.2
   46.0  21026  -74.2  -90.3      7   0.00    115     25  479.5  479.6  479.5
   44.0  21287  -71.7  -90.3      5   0.00     85     30  491.8  491.8  491.8
   42.2  21533  -69.3  -90.3      3   0.00     85     38  503.6  503.6  503.6
   41.2  21675  -70.5  -91.5      3   0.00     85     43  504.1  504.1  504.1
   41.0                                        85     44                     

                         Station identifier: SBMN
                             Station number: 82332
                           Observation time: 260112/0000
                           Station latitude: -3.15
                          Station longitude: -59.98
                          Station elevation: 84.0
                            Showalter index: 3.83
                               Lifted index: 0.72
    LIFT computed using virtual temperature: 0.68
                                SWEAT index: 172.42
                                    K index: 27.30
                         Cross totals index: 15.10
                      Vertical totals index: 25.10
                        Totals totals index: 40.20
      Convective Available Potential Energy: 4.13
             CAPE using virtual temperature: 10.27
                      Convective Inhibition: -381.92
             CINS using virtual temperature: -319.60
                           Equilibrum Level: 512.14
 Equilibrum Level using virtual temperature: 511.80
                   Level of Free Convection: 599.45
             LFCT using virtual temperature: 650.62
                     Bulk Richardson Number: 0.37
          Bulk Richardson Number using CAPV: 0.92
  Temp [K] of the Lifted Condensation Level: 292.47
Pres [hPa] of the Lifted Condensation Level: 933.22
   Equivalent potential temp [K] of the LCL: 343.13
     Mean mixed layer potential temperature: 298.33
              Mean mixed layer mixing ratio: 15.41
              1000 hPa to 500 hPa thickness: 5793.00
Precipitable water [mm] for entire sounding: 50.62
