82332 SBMN Manaus (Aeroporto) Observations at 00Z 03 Mar 2026
-----------------------------------------------------------------------------
   PRES   HGHT   TEMP   DWPT   RELH   MIXR   DRCT   SKNT   THTA   THTE   THTV
    hPa     m      C      C      %    g/kg    deg   knot     K      K      K 
-----------------------------------------------------------------------------
 1000.0     62                                                               
  997.0     84   27.4   22.8     76  17.89      0      0  300.8  353.6  304.0
  992.0    129   30.4   21.4     59  16.47     10      3  304.2  353.6  307.2
  979.0    248   29.5   21.1     61  16.38     35     10  304.5  353.6  307.5
  935.0    660   26.5   20.1     68  16.06     30     16  305.5  353.8  308.4
  925.0    757   25.8   19.8     69  15.98     35     15  305.7  353.8  308.6
  896.0   1035   23.2   18.8     76  15.44     40     15  305.8  352.4  308.7
  850.0   1495   19.0   17.0     88  14.56     25     14  306.0  349.9  308.7
  804.0   1972   15.8   14.4     92  12.99     10     10  307.5  346.9  309.9
  799.0   2025   15.4   14.1     92  12.82      9      9  307.7  346.6  310.0
  793.0   2089   15.8   12.7     82  11.77      9      9  308.8  344.8  310.9
  717.0   2938   10.3   10.0     98  10.88      0      0  311.7  345.4  313.7
  711.0   3009    9.8    9.8    100  10.81     16      0  311.9  345.4  313.9
  700.0   3139    9.4    8.0     91   9.71     45      1  312.9  343.2  314.7
  695.0   3199   11.8    4.8     62   7.82     42      2  316.2  341.1  317.7
  653.0   3717    9.0   -8.4     28   3.11     15     11  318.7  329.1  319.3
  647.0   3794    8.6  -10.4     25   2.69     11     10  319.1  328.2  319.6
  631.0   4000    6.8   -0.2     61   6.01      1      8  319.3  338.9  320.5
  580.0   4684    2.3   -5.4     57   4.44    325      1  321.8  336.6  322.7
  556.0   5027    0.0   -8.0     55   3.78    234      6  323.0  335.8  323.8
  537.0   5304   -1.5   -7.1     66   4.21    160     11  324.4  338.6  325.2
  523.0   5514   -2.7   -6.4     76   4.56    173     15  325.5  340.9  326.4
  515.0   5636   -3.2   -7.4     73   4.29    180     17  326.3  340.9  327.1
  502.0   5839   -4.1   -9.0     69   3.88    176     17  327.6  340.9  328.4
  500.0   5870   -4.3  -10.3     63   3.51    175     17  327.7  339.9  328.4
  497.0   5918   -4.5  -11.5     58   3.21    175     16  328.1  339.2  328.7
  493.0   5982   -4.1  -17.6     34   1.96    175     15  329.3  336.3  329.7
  489.0   6046   -3.7  -23.7     20   1.16    166     13  330.6  334.9  330.8
  484.0   6127   -4.1  -25.8     17   0.97    155     11  331.0  334.6  331.2
  472.0   6325   -5.1  -31.0     11   0.61    105      5  332.1  334.5  332.3
  459.0   6545   -6.3  -36.7      7   0.36     20     11  333.4  334.8  333.4
  452.0   6666   -6.9  -39.9      5   0.26     21     15  334.1  335.1  334.1
  436.0   6944   -8.9  -41.2      5   0.24     25     24  335.0  336.0  335.1
  402.0   7572  -13.3  -44.3      5   0.19     25     17  337.1  337.9  337.2
  400.0   7610  -13.5  -43.5      6   0.20     25     17  337.4  338.2  337.4
  368.0   8231  -19.1  -41.4     12   0.28     25     14  338.0  339.1  338.0
  344.0   8733  -23.7  -39.7     22   0.35     86     13  338.4  339.8  338.4
  333.0   8970  -24.6  -36.2     33   0.52    115     13  340.3  342.4  340.4
  329.0   9058  -24.9  -34.9     39   0.60    122     12  341.1  343.5  341.2
  316.0   9348  -27.7  -34.7     51   0.64    145     10  341.1  343.7  341.3
  313.0   9417  -28.4  -34.6     55   0.65    155     10  341.1  343.7  341.3
  307.0   9556  -29.7  -34.5     63   0.67    180     11  341.1  343.8  341.3
  300.0   9720  -30.5  -38.5     45   0.46    210     12  342.3  344.1  342.4
  288.0  10009  -32.5  -42.5     36   0.32    200     17  343.4  344.8  343.5
  282.0  10156  -33.7  -42.2     42   0.33    195     19  343.8  345.1  343.8
  270.0  10460  -36.2  -41.6     57   0.37    175     23  344.4  345.9  344.4
  267.0  10538  -36.9  -41.5     62   0.38    174     22  344.5  346.1  344.6
  255.0  10855  -39.3  -49.3     34   0.17    168     19  345.5  346.3  345.6
  250.0  10990  -40.5  -46.5     52   0.24    165     18  345.7  346.7  345.8
  238.0  11322  -43.5  -48.0     61   0.21    160     18  346.1  346.9  346.1
  232.0  11494  -45.1  -48.8     66   0.20    148     16  346.2  347.0  346.2
  226.0  11668  -46.4  -52.2     51   0.13    135     14  346.9  347.5  346.9
  213.0  12059  -49.2  -60.0     27   0.06    105     28  348.4  348.6  348.4
  210.0  12153  -49.9  -61.9     23   0.04    104     31  348.7  348.9  348.7
  200.0  12470  -52.7  -62.7     29   0.04    100     40  349.1  349.4  349.2
  198.0  12534  -53.1  -63.7     26   0.04    100     40  349.6  349.7  349.6
  175.0  13316  -57.8  -75.4      9   0.01     60     14  354.4  354.4  354.4
  168.0  13574  -59.3  -79.3      6   0.00    157      6  356.0  356.0  356.0
  165.0  13685  -60.4  -79.5      6   0.00    200      3  356.1  356.1  356.1
  151.0  14229  -65.5  -80.8     10   0.00    195     11  356.4  356.4  356.4
  150.0  14270  -65.9  -80.9     11   0.00    195     11  356.4  356.4  356.4
  136.0  14853  -71.2  -82.3     18   0.00    195     18  357.1  357.1  357.1
  129.0  15167  -74.1  -83.1     24   0.00    185     16  357.3  357.4  357.3
  123.0  15444  -74.1  -84.9     18   0.00    105     10  362.2  362.2  362.2
  119.0  15637  -74.1  -86.1     14   0.00     43      7  365.7  365.7  365.7
  116.0  15783  -75.2  -86.6     16   0.00    355      4  366.2  366.2  366.2
  101.0  16574  -81.5  -89.5     25   0.00     25     15  369.0  369.0  369.0
  100.0  16630  -81.7  -89.7     25   0.00     25     15  369.6  369.6  369.6
   92.4  17069  -83.6  -90.7     28   0.00     35     10  374.3  374.3  374.3
   87.5  17374  -84.9  -91.5     31   0.00    195     13  377.6  377.6  377.6
   83.3  17645  -86.1  -92.1     34   0.00     85      6  380.5  380.5  380.5
   82.8  17678  -86.1  -92.2     33   0.00    140     12  381.1  381.1  381.1
   76.8  18091  -86.3  -93.3     28   0.00    126     11  389.0  389.0  389.0
   75.7  18170  -85.9  -94.9     19   0.00    124     11  391.4  391.5  391.4
   74.1  18288  -79.9  -91.7     13   0.00    120     11  406.3  406.3  406.3
   73.4  18344  -77.1  -90.1     11   0.00    116     12  413.5  413.5  413.5
   70.4  18587  -73.3  -86.3     12   0.00    100     16  426.6  426.6  426.6
   70.3  18593  -73.3  -86.3     12   0.00    100     16  426.7  426.7  426.7
   70.0  18620  -73.3  -86.3     12   0.00    295      3  427.2  427.3  427.2
   66.7  18898  -74.2  -87.4     12   0.00    240      1  431.2  431.2  431.2
   58.2  19690  -76.7  -90.7      9   0.00    350      8  442.7  442.7  442.7
   54.1  20117  -75.2  -90.1      8   0.00     50     12  455.7  455.7  455.7
   51.3  20422  -74.0  -89.7      8   0.00     15     14  465.2  465.2  465.2
   50.0  20570  -73.5  -89.5      7   0.00     70     12  469.9  469.9  469.9
   48.7  20726  -72.9  -89.5      7   0.00     65     13  474.8  474.8  474.8
   46.3  21031  -71.8  -89.4      6   0.00     70     10  484.6  484.6  484.6
   44.0  21336  -70.6  -89.3      5   0.00    125     16  494.5  494.6  494.5
   39.7  21946  -68.3  -89.2      4   0.00     95     34  515.0  515.0  515.0
   37.5  22278  -67.1  -89.1      3   0.00                526.5  526.5  526.5
   34.0  22867  -68.9  -90.9      3   0.00                536.7  536.7  536.7

                         Station identifier: SBMN
                             Station number: 82332
                           Observation time: 260303/0000
                           Station latitude: -3.15
                          Station longitude: -59.98
                          Station elevation: 84.0
                            Showalter index: -1.21
                               Lifted index: -2.49
    LIFT computed using virtual temperature: -3.03
                                SWEAT index: 249.01
                                    K index: 38.90
                         Cross totals index: 21.30
                      Vertical totals index: 23.30
                        Totals totals index: 44.60
      Convective Available Potential Energy: 979.75
             CAPE using virtual temperature: 1151.41
                      Convective Inhibition: -35.97
             CINS using virtual temperature: -29.83
                           Equilibrum Level: 181.12
 Equilibrum Level using virtual temperature: 180.95
                   Level of Free Convection: 829.72
             LFCT using virtual temperature: 839.64
                     Bulk Richardson Number: 350.84
          Bulk Richardson Number using CAPV: 412.31
  Temp [K] of the Lifted Condensation Level: 292.25
Pres [hPa] of the Lifted Condensation Level: 865.66
   Equivalent potential temp [K] of the LCL: 353.53
     Mean mixed layer potential temperature: 304.56
              Mean mixed layer mixing ratio: 16.38
              1000 hPa to 500 hPa thickness: 5808.00
Precipitable water [mm] for entire sounding: 53.17
