82332 SBMN Manaus (Aeroporto) Observations at 00Z 11 Feb 2026
-----------------------------------------------------------------------------
   PRES   HGHT   TEMP   DWPT   RELH   MIXR   DRCT   SKNT   THTA   THTE   THTV
    hPa     m      C      C      %    g/kg    deg   knot     K      K      K 
-----------------------------------------------------------------------------
 1002.0     84   25.0   22.9     88  17.91     80      4  298.0  350.2  301.2
 1000.0     98   25.4   22.9     86  17.94     90      6  298.6  351.0  301.8
  995.0    142   26.6   23.0     81  18.15     85      7  300.2  353.6  303.4
  950.0    550   23.7   20.9     84  16.69     40     14  301.2  350.5  304.2
  925.0    785   22.0   19.7     87  15.88     40     15  301.8  348.8  304.7
  915.0    879   21.4   18.7     84  15.09     35     16  302.2  346.9  304.9
  875.0   1267   19.2   14.7     75  12.16     50     21  303.7  340.1  305.9
  850.0   1517   18.2   13.3     73  11.42     50     18  305.2  339.6  307.3
  830.0   1721   18.6    9.6     56   9.12     41     16  307.7  335.7  309.4
  785.0   2194   16.0    8.3     60   8.82     20     12  309.8  337.1  311.5
  761.0   2456   14.5    7.6     63   8.65     25     15  311.0  338.0  312.6
  738.0   2716   13.1    6.8     66   8.49     65     14  312.2  338.8  313.8
  700.0   3164   10.6    5.6     71   8.21     40      9  314.2  340.1  315.8
  633.0   4000    7.2    1.2     66   6.64    350      4  319.5  341.1  320.8
  602.0   4406    4.3   -0.8     69   6.02    325      2  320.8  340.5  322.0
  582.0   4679    2.4   -2.2     71   5.62    285     13  321.7  340.2  322.8
  572.0   4819    1.4   -2.9     73   5.43    275     16  322.1  340.1  323.2
  517.0   5636   -4.3   -7.0     81   4.40    294     10  324.6  339.4  325.5
  503.0   5853   -4.3  -12.3     54   2.97    299      8  327.2  337.5  327.8
  500.0   5900   -4.7  -10.7     63   3.40    300      8  327.2  339.0  327.9
  474.0   6319   -6.7  -12.7     62   3.06    304      9  329.8  340.5  330.4
  452.0   6688  -10.1  -12.0     86   3.39    308     11  330.0  341.9  330.7
  414.0   7358  -14.1  -17.5     75   2.34    315     13  333.2  341.7  333.7
  400.0   7620  -15.7  -19.7     71   2.02    300     12  334.5  341.8  334.9
  395.0   7713  -16.3  -20.4     70   1.92    285     10  334.9  341.9  335.3
  354.0   8524  -21.5  -26.9     61   1.20    255      1  338.6  343.2  338.9
  339.0   8844  -23.5  -29.5     58   0.98    213      2  340.1  343.9  340.3
  305.0   9603  -30.3  -30.9     94   0.96    111      5  340.9  344.7  341.1
  300.0   9720  -31.3  -32.4     90   0.84     95      5  341.1  344.4  341.3
  268.0  10511  -38.0  -39.5     86   0.46     95     11  342.5  344.4  342.6
  265.0  10590  -38.7  -40.2     86   0.44     93     11  342.6  344.4  342.7
  256.0  10827  -40.2  -46.8     49   0.22     85     13  343.8  344.7  343.8
  250.0  10990  -41.3  -51.3     33   0.14    110     14  344.5  345.1  344.6
  245.0  11127  -42.3  -55.3     23   0.09    116     14  345.0  345.4  345.1
  237.0  11348  -44.4  -54.5     31   0.10    125     13  345.2  345.6  345.2
  229.0  11577  -46.5  -53.6     44   0.11    125     11  345.4  345.9  345.4
  226.0  11665  -47.3  -53.3     50   0.12    140     12  345.4  346.0  345.5
  224.0  11723  -47.7  -55.0     43   0.10    150     12  345.6  346.1  345.7
  217.0  11932  -49.3  -61.3     23   0.05    155     15  346.4  346.6  346.4
  209.0  12176  -51.3  -60.3     33   0.05    161     19  347.0  347.2  347.0
  204.0  12332  -52.4  -65.8     18   0.03    165     21  347.7  347.8  347.7
  200.0  12460  -53.3  -70.3     11   0.01    155     21  348.2  348.3  348.2
  197.0  12557  -54.1  -71.6     10   0.01    135     23  348.4  348.4  348.4
  193.0  12689  -55.3  -73.3      9   0.01    132     24  348.6  348.6  348.6
  177.0  13235  -60.3  -73.3     17   0.01    120     27  349.1  349.1  349.1
  165.0  13666  -63.6  -76.2     17   0.01    110     29  350.6  350.7  350.6
  150.0  14250  -68.1  -80.1     17   0.00    115     34  352.6  352.6  352.6
  144.0  14491  -70.0  -81.2     18   0.00    115     33  353.4  353.4  353.4
  129.0  15140  -75.1  -84.1     24   0.00    106     36  355.5  355.6  355.5
  120.0  15552  -77.1  -85.3     26   0.00    100     38  359.2  359.2  359.2
  112.0  15945  -79.1  -86.4     29   0.00     90     23  362.7  362.7  362.7
  109.0  16099  -79.9  -86.9     31   0.00     75     20  364.1  364.1  364.1
  100.0  16590  -82.3  -88.3     36   0.00     85     23  368.5  368.5  368.5
   98.0  16703  -82.7  -88.7     35   0.00     85     27  369.8  369.8  369.8
   95.3  16859  -83.3  -89.3     35   0.00    100     31  371.6  371.6  371.6
   90.0  17178  -83.5  -91.1     26   0.00    120     35  377.4  377.4  377.4
   89.0  17240  -83.5  -91.5     24   0.00    118     39  378.6  378.6  378.6
   88.0  17304  -82.3  -91.2     21   0.00    115     44  382.2  382.2  382.2
   82.0  17707  -74.8  -89.3      9   0.00     65     12  405.4  405.4  405.4
   81.5  17742  -74.1  -89.1      8   0.00     56     11  407.4  407.4  407.4
   79.0  17922  -75.0  -89.4      9   0.00     10      5  409.1  409.1  409.1
   75.0  18222  -76.6  -90.0     11   0.00    305     13  412.0  412.0  412.0
   73.0  18378  -77.4  -90.3     11   0.00    305     16  413.4  413.4  413.4
   70.0  18620  -78.7  -90.7     13   0.00    300     11  415.7  415.7  415.7
   67.3  18843  -79.7  -90.7     15   0.00    310     11  418.2  418.2  418.2
   67.0  18869  -79.5  -90.7     15   0.00    310     11  419.3  419.3  419.3
   57.7  19733  -71.5  -89.5      5   0.00    339      5  455.6  455.6  455.6
   52.0  20341  -74.3  -90.1      7   0.00      0      0  462.9  462.9  462.9
   50.0  20570  -75.3  -90.3      8   0.00     55      3  465.6  465.7  465.6
   49.7  20605  -75.3  -90.3      8   0.00     61      4  466.4  466.5  466.4
   47.0  20928  -74.8  -91.5      6   0.00    115     11  475.2  475.2  475.2
   46.5  20990  -74.7  -91.7      6   0.00    114     14  476.9  476.9  476.9
   44.2  21288  -70.1  -90.1      4   0.00    107     29  495.0  495.0  495.0
   42.0  21593  -69.5  -90.4      3   0.00    100     44  503.6  503.7  503.6
   39.0  22036  -68.8  -90.8      3   0.00     85     45  516.4  516.5  516.4
   35.0  22683  -67.6  -91.5      2   0.00     75     53  535.7  535.7  535.7
   34.7  22734  -67.5  -91.5      2   0.00     76     53  537.2  537.3  537.2
   32.0  23226  -64.4  -91.3      1   0.00     85     56  558.1  558.2  558.1
   31.1  23399  -63.3  -91.3      1   0.00     89     55  565.6  565.7  565.6
   30.0  23620  -63.7  -90.7      1   0.00     95     53  570.4  570.4  570.4
   29.2  23786  -63.7  -91.7      1   0.00    100     58  574.8  574.9  574.8
   29.0                                       100     58                     

                         Station identifier: SBMN
                             Station number: 82332
                           Observation time: 260211/0000
                           Station latitude: -3.15
                          Station longitude: -59.98
                          Station elevation: 84.0
                            Showalter index: 2.34
                               Lifted index: -2.28
    LIFT computed using virtual temperature: -2.78
                                SWEAT index: 203.62
                                    K index: 31.20
                         Cross totals index: 18.00
                      Vertical totals index: 22.90
                        Totals totals index: 40.90
      Convective Available Potential Energy: 1036.40
             CAPE using virtual temperature: 1153.91
                      Convective Inhibition: -47.72
             CINS using virtual temperature: -8.11
                           Equilibrum Level: 157.30
 Equilibrum Level using virtual temperature: 157.05
                   Level of Free Convection: 726.50
             LFCT using virtual temperature: 897.54
                     Bulk Richardson Number: 354.78
          Bulk Richardson Number using CAPV: 395.01
  Temp [K] of the Lifted Condensation Level: 294.40
Pres [hPa] of the Lifted Condensation Level: 930.74
   Equivalent potential temp [K] of the LCL: 351.79
     Mean mixed layer potential temperature: 300.53
              Mean mixed layer mixing ratio: 17.44
              1000 hPa to 500 hPa thickness: 5802.00
Precipitable water [mm] for entire sounding: 53.99
