82332 SBMN Manaus (Aeroporto) Observations at 00Z 17 Jan 2026
-----------------------------------------------------------------------------
   PRES   HGHT   TEMP   DWPT   RELH   MIXR   DRCT   SKNT   THTA   THTE   THTV
    hPa     m      C      C      %    g/kg    deg   knot     K      K      K 
-----------------------------------------------------------------------------
 1000.0     79                                                               
  999.0     84   26.6   25.2     92  20.71    140      2  299.8  360.8  303.5
  992.0    147   27.4   25.8     91  21.65    131      2  301.2  365.4  305.1
  925.0    769   22.8   22.0     95  18.37     45      6  302.6  357.2  305.9
  900.0   1008   21.5   21.1     98  17.84     70     12  303.6  356.9  306.9
  887.0   1136   20.8   20.6     99  17.56     71     15  304.2  356.7  307.4
  850.0   1505   19.2   15.9     81  13.55     75     23  306.2  347.2  308.7
  816.0   1856   17.6   13.8     78  12.28     75     29  308.1  345.6  310.4
  804.0   1983   17.0   13.0     77  11.84     75     28  308.8  345.0  311.0
  766.0   2395   13.6   12.9     96  12.36     73     26  309.4  347.3  311.7
  720.0   2916   10.8   10.0     95  10.82     71     22  311.9  345.5  313.9
  700.0   3151   10.2    6.7     79   8.87     70     21  313.8  341.6  315.4
  675.0   3454    9.8    0.8     53   6.04     70     20  316.6  336.1  317.7
  655.0   3704    8.0   -2.0     49   5.07     70     19  317.3  333.8  318.2
  639.0   3907    6.7   -1.4     56   5.44     70     18  318.1  335.8  319.1
  606.0   4343    4.0   -0.1     75   6.31     92     10  319.8  340.4  321.0
  601.0   4410    3.7   -0.7     73   6.07     95      9  320.2  340.0  321.4
  567.0   4879    1.6   -5.2     60   4.60     35     12  323.1  338.5  324.0
  512.0   5702   -2.1  -13.1     43   2.74    358     19  328.2  337.8  328.7
  500.0   5890   -3.7   -9.7     63   3.68    350     20  328.5  341.2  329.2
  494.0   5984   -4.5   -9.8     66   3.71    345     21  328.7  341.5  329.4
  463.0   6491   -8.5  -10.2     88   3.82      5     23  329.8  343.0  330.5
  433.0   7007  -11.5  -15.7     71   2.61     20     16  332.3  341.6  332.9
  424.0   7167  -11.9  -21.9     43   1.57     25     14  333.8  339.6  334.1
  400.0   7610  -14.9  -19.9     66   1.98     65      7  335.5  342.8  335.9
  392.0   7761  -16.1  -20.2     71   1.97     50      6  335.9  343.1  336.3
  369.0   8214  -19.7  -21.1     89   1.94    357      9  337.0  344.1  337.4
  350.0   8604  -22.2  -26.8     66   1.23    310     12  338.7  343.4  339.0
  342.0   8774  -23.3  -29.3     58   0.99    294     14  339.5  343.3  339.7
  325.0   9145  -25.7  -26.8     90   1.32    260     18  341.1  346.2  341.4
  315.0   9371  -27.1  -29.0     84   1.11    255     18  342.3  346.6  342.5
  305.0   9602  -28.9  -29.9     92   1.06    250     18  342.8  347.0  343.1
  301.0   9696  -29.7  -30.2     95   1.04    238     17  343.1  347.1  343.3
  300.0   9720  -29.9  -30.9     91   0.97    235     17  343.1  346.9  343.3
  295.0   9838  -30.8  -32.0     88   0.89    225     18  343.5  347.0  343.7
  279.0  10231  -33.6  -35.9     80   0.65    240     13  344.9  347.5  345.0
  269.0  10488  -35.5  -38.4     75   0.52    225     12  345.8  347.9  345.9
  258.0  10783  -37.7  -41.2     70   0.40    228     16  346.7  348.4  346.8
  250.0  11000  -39.5  -42.6     72   0.36    230     19  347.2  348.7  347.3
  244.0  11162  -40.9  -44.3     70   0.31    240     21  347.5  348.8  347.6
  211.0  12132  -49.3  -54.3     56   0.11    224     23  349.2  349.7  349.2
  203.0  12383  -51.2  -55.4     61   0.10    220     23  350.1  350.5  350.1
  200.0  12480  -51.9  -55.8     63   0.10    220     23  350.4  350.9  350.4
  195.0  12643  -53.5  -56.8     67   0.09    225     23  350.4  350.8  350.4
  190.0  12809  -54.9  -60.9     48   0.06    230     22  350.7  351.0  350.8
  188.0  12876  -55.5  -62.5     41   0.05    230     22  350.9  351.1  350.9
  162.0  13804  -63.7  -67.4     60   0.03    225     28  352.3  352.4  352.3
  160.0  13880  -64.4  -67.6     65   0.03    225     28  352.4  352.5  352.4
  158.0  13956  -65.1  -67.8     69   0.03    227     27  352.5  352.6  352.5
  150.0  14270  -67.5  -74.5     36   0.01    235     24  353.6  353.7  353.6
  149.0  14310  -67.5  -74.5     36   0.01    237     24  354.3  354.4  354.3
  140.0  14684  -69.9  -75.9     41   0.01    260     22  356.4  356.5  356.4
  138.0  14767  -70.5  -76.4     41   0.01    265     21  356.9  356.9  356.9
  120.0  15572  -76.2  -81.4     44   0.00    305     35  360.9  360.9  360.9
  101.0  16565  -83.3  -87.5     49   0.00    340     18  365.5  365.5  365.5
  100.0  16620  -83.5  -87.7     48   0.00    340     18  366.2  366.2  366.2
   96.0  16843  -85.2  -89.2     49   0.00    330     10  367.1  367.1  367.1
   87.2  17370  -89.3  -92.8     52   0.00    330      5  369.1  369.1  369.1
   87.0  17382  -89.2  -92.8     52   0.00    330      5  369.5  369.5  369.5
   84.0  17576  -87.9  -92.2     46   0.00      5     13  375.9  375.9  375.9
   80.0  17844  -86.1  -91.3     39   0.00     65     14  384.9  384.9  384.9
   78.0  17984  -85.1  -90.9     36   0.00     60     21  389.7  389.7  389.7
   73.0  18349  -82.7  -89.8     29   0.00     85     18  402.4  402.4  402.4
   70.0  18580  -81.1  -89.1     25   0.00     75     21  410.6  410.6  410.6
   66.2  18895  -79.1  -88.1     22   0.00    113     11  421.5  421.5  421.5
   66.0  18912  -79.1  -88.2     22   0.00    115     10  421.8  421.8  421.8
   64.0  19087  -79.4  -89.3     19   0.00    105     11  424.9  424.9  424.9
   63.6  19122  -79.5  -89.5     18   0.00    109     11  425.5  425.5  425.5
   60.0  19458  -75.6  -88.3     12   0.00    145     11  441.3  441.3  441.3
   57.1  19744  -72.3  -87.3      9   0.00    126     11  455.1  455.1  455.1
   57.0  19754  -72.3  -87.3      9   0.00    125     11  455.2  455.3  455.2
   53.0  20179  -74.0  -89.0      9   0.00    130      9  460.9  460.9  460.9
   52.4  20246  -74.3  -89.3      8   0.00    121     10  461.8  461.8  461.8
   52.0  20291  -73.9  -89.0      8   0.00    115     10  463.8  463.8  463.8
   50.0  20520  -71.7  -87.7      8   0.00    135     22  474.1  474.1  474.1
   49.5  20579  -71.7  -87.7      8   0.00    128     23  475.5  475.5  475.5
   47.0  20885  -71.9  -88.8      6   0.00     90     29  482.1  482.1  482.1
   44.3  21233  -72.1  -90.1      5   0.00     87     38  489.8  489.9  489.8
   40.5  21765  -69.1  -90.1      3   0.00     82     51  510.0  510.1  510.0
   39.0  21994  -65.6  -89.3      2   0.00     80     57  524.4  524.5  524.4
   37.8  22183  -62.7  -88.7      2   0.00     82     54  536.5  536.5  536.5
   36.0  22484  -63.1  -89.1      2   0.00     85     50  543.1  543.1  543.1
   35.8  22518  -63.1  -89.1      2   0.00                543.9  543.9  543.9

                         Station identifier: SBMN
                             Station number: 82332
                           Observation time: 260117/0000
                           Station latitude: -3.15
                          Station longitude: -59.98
                          Station elevation: 84.0
                            Showalter index: 0.39
                               Lifted index: -4.69
    LIFT computed using virtual temperature: -5.46
                                SWEAT index: 256.81
                                    K index: 35.30
                         Cross totals index: 19.60
                      Vertical totals index: 22.90
                        Totals totals index: 42.50
      Convective Available Potential Energy: 3083.57
             CAPE using virtual temperature: 3314.83
                      Convective Inhibition: -0.18
             CINS using virtual temperature: -0.00
                           Equilibrum Level: 113.80
 Equilibrum Level using virtual temperature: 113.39
                   Level of Free Convection: 938.64
             LFCT using virtual temperature: 943.92
                     Bulk Richardson Number: 144.19
          Bulk Richardson Number using CAPV: 155.00
  Temp [K] of the Lifted Condensation Level: 297.42
Pres [hPa] of the Lifted Condensation Level: 952.86
   Equivalent potential temp [K] of the LCL: 362.41
     Mean mixed layer potential temperature: 301.57
              Mean mixed layer mixing ratio: 20.56
              1000 hPa to 500 hPa thickness: 5811.00
Precipitable water [mm] for entire sounding: 61.56
