82332 SBMN Manaus (Aeroporto) Observations at 00Z 10 Mar 2026
-----------------------------------------------------------------------------
   PRES   HGHT   TEMP   DWPT   RELH   MIXR   DRCT   SKNT   THTA   THTE   THTV
    hPa     m      C      C      %    g/kg    deg   knot     K      K      K 
-----------------------------------------------------------------------------
 1000.0     84   26.0   23.3     85  18.39      0      0  299.1  353.1  302.4
  994.0    137   27.0   23.4     81  18.62     21      2  300.7  355.6  304.0
  969.0    362   25.3   22.5     84  18.05    110     11  301.1  354.5  304.4
  925.0    772   22.2   20.8     92  17.03     75     11  302.0  352.5  305.1
  920.0    819   22.0   20.9     93  17.24     72     12  302.3  353.4  305.4
  901.0   1001   21.3   19.4     89  16.06     60     15  303.3  351.2  306.2
  850.0   1507   19.2   15.4     79  13.11     80     18  306.2  345.9  308.6
  844.0   1568   19.0   14.8     77  12.73     80     20  306.6  345.2  309.0
  811.0   1909   17.7   11.7     68  10.73     85     16  308.8  341.7  310.8
  748.0   2601   15.2    5.2     51   7.47     71     17  313.3  336.9  314.7
  725.0   2864   13.4    4.3     54   7.26     65     17  314.1  337.2  315.5
  700.0   3160   11.4    3.4     58   7.03     80     19  315.1  337.5  316.4
  664.0   3591    8.7    2.1     63   6.77     85     18  316.8  338.6  318.1
  649.0   3778    7.5    1.6     66   6.66     65     18  317.6  339.0  318.8
  632.0   3994    6.2    0.9     69   6.53     70     18  318.4  339.6  319.7
  598.0   4446    3.3   -0.4     77   6.27     35     12  320.2  340.7  321.4
  564.0   4924    0.3   -1.8     86   5.99     45     11  322.1  341.8  323.2
  545.0   5203   -1.4   -2.6     92   5.83     30     12  323.2  342.5  324.3
  536.0   5339   -2.3   -3.0     95   5.76     51     11  323.7  342.8  324.8
  528.0   5458   -2.8   -3.7     94   5.54     70     10  324.4  342.9  325.5
  501.0   5874   -4.6   -6.2     89   4.83     60     10  327.1  343.5  328.1
  500.0   5890   -4.7   -6.3     89   4.80     70     10  327.2  343.5  328.2
  493.0   6000   -5.4   -6.8     90   4.68     80     11  327.7  343.6  328.6
  447.0   6762  -10.3  -10.4     99   3.90     60     12  330.8  344.4  331.6
  429.0   7078  -11.7  -12.9     91   3.32     52     13  333.0  344.7  333.6
  425.0   7149  -12.2  -13.4     90   3.22     50     13  333.3  344.6  333.9
  400.0   7610  -15.1  -16.7     88   2.60     80     12  335.3  344.6  335.8
  381.0   7970  -17.5  -19.4     85   2.18    110     10  336.8  344.8  337.2
  371.0   8167  -18.8  -20.8     84   1.97    100      9  337.6  344.9  338.0
  339.0   8835  -23.3  -25.8     80   1.39    125     13  340.3  345.6  340.6
  323.0   9193  -25.7  -28.4     78   1.14    105     16  341.8  346.1  342.0
  314.0   9402  -27.1  -30.0     76   1.01    116     16  342.6  346.5  342.8
  300.0   9730  -29.5  -32.7     74   0.82    135     16  343.7  346.9  343.9
  296.0   9825  -30.2  -33.8     71   0.75    140     14  344.0  346.9  344.1
  288.0  10019  -31.7  -36.0     66   0.62    135     17  344.6  347.1  344.7
  280.0  10215  -33.4  -37.5     66   0.54    130     21  344.9  347.1  345.0
  259.0  10758  -38.1  -41.8     68   0.38    137     22  345.8  347.3  345.9
  253.0  10919  -39.3  -45.3     53   0.27    139     23  346.3  347.4  346.4
  250.0  11000  -39.9  -44.9     59   0.28    140     23  346.6  347.8  346.7
  221.0  11828  -47.1  -52.0     57   0.14    148     33  347.9  348.6  348.0
  213.0  12071  -49.1  -52.2     70   0.14    151     36  348.5  349.2  348.6
  200.0  12480  -52.5  -56.7     60   0.09    155     41  349.5  349.9  349.5
  199.0  12512  -52.8  -57.0     60   0.09    155     41  349.5  349.9  349.6
  173.0  13399  -60.5  -66.5     45   0.03    148     44  351.1  351.2  351.1
  165.0  13691  -63.4  -67.2     59   0.03    145     45  351.0  351.1  351.0
  162.0  13804  -64.5  -67.5     66   0.03    144     45  351.0  351.1  351.0
  150.0  14270  -67.9  -72.9     49   0.01    140     44  352.9  353.0  352.9
  136.0  14851  -72.9  -78.9     40   0.01    135     40  354.1  354.1  354.1
  123.0  15434  -74.7  -82.4     30   0.00    155     31  361.1  361.1  361.1
  117.0  15725  -75.7  -84.1     26   0.00    125     24  364.6  364.6  364.6
  113.0  15927  -76.3  -85.3     23   0.00     80     19  367.0  367.0  367.0
  104.0  16398  -80.2  -87.2     31   0.00     55     15  368.3  368.3  368.3
  100.0  16620  -82.1  -88.1     36   0.00      5     10  368.9  368.9  368.9
   90.5  17176  -84.9  -89.8     42   0.00    240      7  374.0  374.0  374.0
   88.0  17331  -85.0  -89.9     42   0.00     65      2  376.9  376.9  376.9
   82.5  17688  -85.1  -90.1     41   0.00     47     19  383.6  383.6  383.6
   82.0  17722  -84.3  -89.8     38   0.00     45     21  386.0  386.0  386.0
   79.9  17867  -80.7  -88.7     26   0.00     39     18  396.2  396.2  396.2
   77.0  18077  -80.3  -89.1     22   0.00     30     13  401.2  401.2  401.2
   72.5  18419  -79.7  -89.7     18   0.00     86     15  409.4  409.4  409.4
   71.1  18530  -76.9  -87.9     16   0.00    104     16  417.7  417.7  417.7
   71.0  18538  -77.0  -88.0     16   0.00    105     16  417.7  417.8  417.7
   70.0  18620  -77.5  -88.5     16   0.00    110     18  418.3  418.3  418.3
   68.0  18789  -76.4  -88.4     14   0.00    115     34  424.1  424.1  424.1
   64.0  19142  -74.2  -88.2     10   0.00    120     14  436.4  436.4  436.4
   63.0  19234  -73.6  -88.1      9   0.00    105     12  439.7  439.7  439.7
   62.0  19328  -73.0  -88.1      9   0.00     65     13  443.0  443.0  443.0
   60.0  19519  -71.8  -88.0      7   0.00     65     20  449.9  449.9  449.9
   58.6  19656  -70.9  -87.9      7   0.00     55     13  454.9  454.9  454.9
   58.0  19717  -71.2  -88.0      7   0.00     50     10  455.7  455.7  455.7
   54.0  20138  -72.9  -89.1      7   0.00    340      3  461.1  461.1  461.1
   53.1  20237  -73.3  -89.3      7   0.00      8      7  462.3  462.4  462.3
   50.0  20590  -72.5  -89.5      6   0.00    110     20  472.2  472.3  472.2
   48.0  20829  -73.0  -90.6      5   0.00    115     29  476.6  476.6  476.6
   46.8  20978  -73.3  -91.3      5   0.00    109     32  479.3  479.3  479.3
   45.8  21105  -69.9  -89.9      4   0.00    104     34  490.5  490.5  490.5
   43.7  21383  -71.1  -90.1      5   0.00     94     39  494.2  494.2  494.2
   42.0  21625  -69.9  -90.0      4   0.00     85     43  502.8  502.8  502.8
   39.0  22075  -67.7  -89.7      3   0.00    105     49  519.2  519.3  519.2
   32.0  23278  -61.7  -88.9      2   0.00     95     71  565.5  565.5  565.5
   30.0  23670  -59.7  -88.7      1   0.01    100     66  581.3  581.4  581.3
   29.4  23797  -58.5  -88.5      1   0.01    103     67  588.0  588.0  588.0
   29.0  23883  -58.7  -88.4      1   0.01    105     68  589.8  589.8  589.8
   28.1  24080  -59.1  -88.1      1   0.01    101     72  593.9  594.0  593.9
   28.0  24103  -58.8  -88.0      1   0.01    100     72  595.5  595.5  595.5
   27.8  24148  -58.1  -87.9      1   0.01    100     72  598.5  598.5  598.5
   26.6  24428  -54.1  -87.1      1   0.01     97     65  617.4  617.5  617.4
   24.6  24929  -53.9  -85.9      1   0.01     92     52  631.9  632.0  631.9
   24.4  24982  -54.3  -86.3      1   0.01     91     51  632.3  632.4  632.3
   24.0                                        90     48                     

                         Station identifier: SBMN
                             Station number: 82332
                           Observation time: 260310/0000
                           Station latitude: -3.15
                          Station longitude: -59.98
                          Station elevation: 84.0
                            Showalter index: -0.12
                               Lifted index: -3.17
    LIFT computed using virtual temperature: -3.52
                                SWEAT index: 230.82
                                    K index: 31.30
                         Cross totals index: 20.10
                      Vertical totals index: 23.90
                        Totals totals index: 44.00
      Convective Available Potential Energy: 1308.08
             CAPE using virtual temperature: 1410.80
                      Convective Inhibition: -57.30
             CINS using virtual temperature: -9.58
                           Equilibrum Level: 135.55
 Equilibrum Level using virtual temperature: 135.55
                   Level of Free Convection: 708.51
             LFCT using virtual temperature: 853.39
                     Bulk Richardson Number: 151.31
          Bulk Richardson Number using CAPV: 163.19
  Temp [K] of the Lifted Condensation Level: 295.04
Pres [hPa] of the Lifted Condensation Level: 932.53
   Equivalent potential temp [K] of the LCL: 354.41
     Mean mixed layer potential temperature: 301.01
              Mean mixed layer mixing ratio: 18.11
              1000 hPa to 500 hPa thickness: 5806.00
Precipitable water [mm] for entire sounding: 58.08
