82332 SBMN Manaus (Aeroporto) Observations at 00Z 05 Feb 2026
-----------------------------------------------------------------------------
   PRES   HGHT   TEMP   DWPT   RELH   MIXR   DRCT   SKNT   THTA   THTE   THTV
    hPa     m      C      C      %    g/kg    deg   knot     K      K      K 
-----------------------------------------------------------------------------
 1001.0     84   27.8   23.2     76  18.26     10      3  300.9  354.8  304.1
 1000.0     95   27.8   23.1     76  18.17     10      4  300.9  354.6  304.2
  925.0    785   24.2   19.5     75  15.68     45      6  304.1  350.9  306.9
  894.0   1083   22.4   18.0     76  14.76     80     10  305.1  349.4  307.8
  850.0   1523   19.6   15.8     79  13.46     80     13  306.7  347.4  309.1
  793.0   2117   15.8   13.1     84  12.06     75     18  308.8  345.6  311.0
  770.0   2369   14.2   11.9     86  11.49     77     17  309.6  344.9  311.8
  741.0   2692   12.7    8.1     74   9.21     80     15  311.4  340.0  313.1
  700.0   3170   10.4    2.4     58   6.54     65     15  314.0  334.8  315.2
  682.0   3386    9.3    0.5     54   5.86     50     16  315.1  333.9  316.2
  655.0   3722    7.6   -2.4     49   4.92     66     14  316.8  332.9  317.8
  649.0   3798    7.2   -2.8     49   4.84     70     14  317.3  333.1  318.2
  629.0   4055    6.1   -3.9     49   4.57     70     16  318.8  333.8  319.6
  615.0   4241    5.2   -4.8     48   4.38     52     15  319.8  334.3  320.7
  606.0   4360    4.2   -4.5     53   4.55     40     15  320.1  335.1  320.9
  577.0   4759    1.0   -3.4     72   5.19     45     12  320.8  337.9  321.8
  567.0   4900    0.4   -7.6     55   3.83     51     13  321.7  334.6  322.4
  531.0   5425   -3.5   -3.6     99   5.56     74     14  323.1  341.5  324.2
  522.0   5560   -4.2   -4.2     99   5.38     80     15  323.9  341.8  324.9
  508.0   5775   -5.3   -5.3    100   5.11     75     15  325.1  342.2  326.1
  500.0   5900   -5.9   -5.9    100   4.95     80     15  325.8  342.5  326.8
  496.0   5962   -6.2   -6.3     99   4.83    100     17  326.1  342.4  327.1
  468.0   6410   -8.7   -9.5     94   4.00     90     11  328.5  342.3  329.3
  448.0   6746  -10.5  -11.8     90   3.46    115     16  330.4  342.4  331.0
  432.0   7027  -12.1  -13.8     87   3.06    105     14  331.9  342.6  332.5
  404.0   7543  -14.9  -17.5     81   2.42    150     11  334.6  343.3  335.1
  400.0   7620  -15.3  -18.0     80   2.33    140     11  335.0  343.5  335.5
  394.0   7734  -15.8  -19.1     76   2.17    130     10  335.8  343.7  336.3
  376.0   8085  -17.3  -22.3     65   1.71    164      8  338.4  344.7  338.7
  346.0   8701  -22.7  -27.0     68   1.22    226      3  339.2  343.8  339.4
  337.0   8891  -24.1  -28.3     69   1.11    245      2  339.8  344.0  340.0
  300.0   9730  -30.5  -33.8     73   0.74    135      9  342.3  345.2  342.4
  288.0  10014  -32.7  -36.1     72   0.61    145     13  343.1  345.6  343.2
  268.0  10516  -36.7  -40.1     70   0.44    115     13  344.5  346.3  344.6
  250.0  11000  -40.5  -44.0     69   0.31    115     27  345.7  347.0  345.8
  245.0  11137  -41.5  -44.4     73   0.30    118     29  346.2  347.5  346.3
  233.0  11475  -44.4  -46.9     76   0.24    125     33  346.8  347.8  346.8
  228.0  11621  -45.7  -48.0     77   0.22    124     34  347.0  347.9  347.1
  215.0  12009  -48.9  -55.9     44   0.09    120     35  347.9  348.3  347.9
  203.0  12384  -52.3  -56.7     59   0.09    116     37  348.3  348.7  348.3
  200.0  12480  -53.1  -60.1     42   0.06    115     37  348.5  348.8  348.5
  190.0  12808  -56.1  -70.1     16   0.02    113     39  348.8  348.9  348.9
  188.0  12875  -56.7  -68.7     21   0.02    113     39  348.9  349.0  348.9
  179.0  13185  -59.1  -63.4     57   0.04    111     41  349.9  350.1  349.9
  173.0  13398  -60.7  -68.7     34   0.02    110     42  350.7  350.8  350.7
  170.0  13506  -61.5  -65.6     58   0.03    109     43  351.1  351.3  351.1
  150.0  14270  -68.1  -73.0     49   0.01    105     47  352.6  352.6  352.6
  147.0  14391  -69.0  -73.7     50   0.01    110     48  353.2  353.2  353.2
  141.0  14640  -70.7  -75.1     52   0.01    108     45  354.3  354.4  354.3
  124.0  15377  -75.9  -80.0     53   0.01    100     34  358.1  358.1  358.1
  101.0  16555  -84.3  -87.7     55   0.00    125     35  363.6  363.6  363.6
  100.0  16610  -84.5  -87.9     55   0.00    125     35  364.2  364.2  364.2
   94.0  16951  -85.7  -88.9     57   0.00    110     39  368.4  368.4  368.4
   92.0  17068  -85.8  -89.2     55   0.00    105     41  370.4  370.4  370.4
   85.0  17502  -86.2  -90.5     47   0.00     90     32  378.0  378.0  378.0
   81.2  17752  -86.5  -91.2     43   0.00     95     29  382.5  382.5  382.5
   81.0  17766  -85.7  -90.7     41   0.00     95     29  384.4  384.4  384.4
   79.4  17877  -78.9  -86.9     26   0.00    101     20  400.6  400.6  400.6
   77.4  18023  -76.9  -83.9     32   0.00    108      9  407.7  407.7  407.7
   77.0                                       110      7                     

                         Station identifier: SBMN
                             Station number: 82332
                           Observation time: 260205/0000
                           Station latitude: -3.15
                          Station longitude: -59.98
                          Station elevation: 84.0
                            Showalter index: -1.89
                               Lifted index: -3.94
    LIFT computed using virtual temperature: -4.24
                                SWEAT index: 230.59
                                    K index: 33.30
                         Cross totals index: 21.70
                      Vertical totals index: 25.50
                        Totals totals index: 47.20
      Convective Available Potential Energy: 1244.19
             CAPE using virtual temperature: 1378.19
                      Convective Inhibition: -69.84
             CINS using virtual temperature: -52.81
                           Equilibrum Level: 147.74
 Equilibrum Level using virtual temperature: 147.71
                   Level of Free Convection: 796.08
             LFCT using virtual temperature: 814.31
                     Bulk Richardson Number: 104.98
          Bulk Richardson Number using CAPV: 116.29
  Temp [K] of the Lifted Condensation Level: 293.88
Pres [hPa] of the Lifted Condensation Level: 909.02
   Equivalent potential temp [K] of the LCL: 353.13
     Mean mixed layer potential temperature: 302.03
              Mean mixed layer mixing ratio: 17.29
              1000 hPa to 500 hPa thickness: 5805.00
Precipitable water [mm] for entire sounding: 56.42
