82332 SBMN Manaus (Aeroporto) Observations at 12Z 18 Jan 2026
-----------------------------------------------------------------------------
   PRES   HGHT   TEMP   DWPT   RELH   MIXR   DRCT   SKNT   THTA   THTE   THTV
    hPa     m      C      C      %    g/kg    deg   knot     K      K      K 
-----------------------------------------------------------------------------
 1002.0     84   23.8   23.0     95  18.02    170      2  296.8  349.0  300.0
 1000.0    104   23.6   22.6     94  17.61    160      3  296.8  347.8  299.9
  973.0    344   21.8   21.7     99  17.12    125      5  297.3  347.0  300.3
  953.0    526   23.6   20.5     83  16.21     98      6  300.9  348.7  303.8
  925.0    787   22.6   18.2     76  14.43     60      8  302.4  345.3  305.0
  904.0    987   21.9   16.7     72  13.42     65     11  303.7  343.8  306.1
  883.0   1191   21.2   15.2     69  12.45     69     11  305.0  342.5  307.3
  850.0   1520   18.8   13.8     73  11.80     75     12  305.8  341.5  308.0
  817.0   1860   16.6   10.6     68   9.92     79     14  307.0  337.2  308.8
  811.0   1923   16.1   10.8     70  10.10     80     14  307.1  337.9  309.0
  799.0   2050   15.2   11.1     77  10.49     85     13  307.4  339.4  309.4
  787.0   2178   14.4   11.8     84  11.17     90     13  307.9  342.0  310.0
  775.0   2308   14.1    9.4     73   9.62     95     12  309.0  338.6  310.8
  752.0   2563   13.6    4.6     54   7.12     86     11  311.1  333.4  312.4
  701.0   3152   10.3    2.2     58   6.46     65     10  313.7  334.2  314.9
  700.0   3164   10.2    2.2     58   6.45     65      9  313.8  334.3  315.0
  566.0   4906    0.4   -2.7     80   5.57    295     10  321.9  340.2  322.9
  528.0   5460   -4.3   -4.3    100   5.30    292     11  322.7  340.2  323.7
  511.0   5718   -5.3   -6.5     91   4.62    290     12  324.5  340.1  325.4
  500.0   5890   -5.9   -8.0     85   4.21    270     10  325.8  340.1  326.6
  498.0   5921   -6.0   -8.3     84   4.11    270     10  326.0  340.0  326.8
  494.0   5984   -6.3   -9.0     81   3.93    280      9  326.4  339.8  327.1
  486.0   6112   -7.0  -10.4     76   3.57    305     11  327.1  339.4  327.8
  479.0   6225   -7.5  -11.7     72   3.28    303     12  327.8  339.2  328.5
  475.0   6291   -7.5  -20.5     35   1.58    302     13  328.6  334.3  328.9
  467.0   6422   -8.3  -22.2     32   1.38    300     15  329.2  334.2  329.5
  444.0   6812  -10.8  -27.4     24   0.91    330     15  330.9  334.3  331.1
  441.0   6865  -11.1  -28.1     23   0.86    328     16  331.1  334.4  331.3
  430.0   7058  -11.7  -21.7     43   1.58    318     22  332.8  338.5  333.1
  426.0   7130  -11.5  -29.4     21   0.79    315     24  333.9  336.9  334.1
  423.0   7184  -11.3  -35.3     12   0.45    316     24  334.8  336.6  334.9
  408.0   7460  -13.5  -27.5     30   0.99    322     23  335.4  339.2  335.6
  400.0   7610  -14.7  -34.7     17   0.51    325     22  335.8  337.8  335.9
  394.0   7723  -15.7  -35.7     16   0.46    325     22  335.9  337.8  336.0
  387.0   7858  -16.9  -36.9     16   0.42    322     22  336.1  337.8  336.2
  373.0   8132  -19.4  -32.8     29   0.65    315     21  336.4  338.9  336.5
  370.0   8192  -19.9  -31.9     34   0.72    320     23  336.4  339.2  336.6
  366.0   8272  -20.1  -29.1     45   0.95    326     25  337.2  340.9  337.4
  360.0   8394  -20.5  -32.3     34   0.71    335     28  338.3  341.1  338.4
  351.0   8580  -21.1  -37.1     22   0.45    325     35  339.9  341.8  340.0
  339.0   8834  -23.3  -45.3     11   0.20    332     33  340.3  341.2  340.4
  300.0   9710  -31.5  -41.5     37   0.34    355     24  340.9  342.2  340.9
  285.0  10072  -35.0  -40.8     55   0.38    355     24  340.9  342.5  341.0
  282.0  10147  -35.7  -40.7     60   0.39    353     21  340.9  342.5  341.0
  273.0  10371  -37.2  -41.3     65   0.38    345     13  341.9  343.4  342.0
  264.0  10603  -38.8  -42.0     72   0.36    310     10  342.9  344.4  343.0
  258.0  10762  -39.8  -42.4     76   0.36    285     11  343.6  345.1  343.7
  251.0  10953  -41.1  -42.9     83   0.35    272     13  344.4  345.9  344.5
  250.0  10980  -41.5  -44.3     74   0.30    270     13  344.2  345.5  344.3
  248.0  11034  -41.9  -46.4     61   0.24    266     13  344.4  345.4  344.5
  239.0  11280  -44.2  -49.0     58   0.18    245     11  344.6  345.4  344.7
  213.0  12044  -51.3  -57.3     49   0.08    245     10  345.1  345.4  345.1
  203.0  12354  -54.2  -59.2     54   0.06    245     10  345.3  345.6  345.3
  200.0  12450  -55.1  -59.8     56   0.06    250      8  345.4  345.6  345.4
  188.0  12840  -58.9  -62.9     60   0.04    287      4  345.4  345.6  345.4
  178.0  13179  -62.1  -66.9     53   0.03    320      1  345.6  345.7  345.6
  175.0  13284  -63.1  -68.1     51   0.02    318      3  345.6  345.7  345.6
  173.0  13354  -63.3  -70.3     38   0.02    317      5  346.4  346.5  346.4
  169.0  13499  -60.5  -75.5     12   0.01    314      9  353.4  353.4  353.4
  168.0  13536  -60.3  -74.3     14   0.01    313      9  354.3  354.4  354.3
  150.0  14230  -66.1  -75.1     27   0.01    300     26  356.0  356.1  356.0
  141.0  14602  -69.5  -76.5     35   0.01    316     34  356.4  356.5  356.4
  136.0  14815  -70.7  -78.7     30   0.01    325     38  358.1  358.1  358.1
  121.0  15503  -74.4  -85.9     16   0.00    325     20  363.4  363.4  363.4
  119.0  15601  -74.9  -86.9     14   0.00    313     18  364.2  364.2  364.2
  116.0  15746  -76.1  -87.2     16   0.00    295     14  364.6  364.6  364.6
  111.0  15997  -78.2  -87.7     21   0.00    250     14  365.3  365.3  365.3
  101.0  16534  -82.7  -88.7     35   0.00    215     22  366.7  366.7  366.7
  100.0  16590  -82.7  -88.7     35   0.00    215     22  367.7  367.7  367.7
   93.0  16991  -84.8  -90.2     39   0.00    195     12  371.2  371.2  371.2
   92.0  17051  -85.2  -90.4     40   0.00    185     11  371.7  371.7  371.7
   89.7  17191  -85.9  -90.9     41   0.00    155      5  372.9  372.9  372.9
   89.0  17234  -85.8  -90.9     40   0.00    105      3  373.9  373.9  373.9
   82.0  17684  -85.2  -91.2     34   0.00    350     10  384.1  384.1  384.1
   79.0  17889  -84.9  -91.3     32   0.00     15     21  388.8  388.8  388.8
   77.0  18030  -84.7  -91.4     30   0.00     30     12  392.0  392.1  392.0
   76.0  18102  -84.6  -91.5     30   0.00     65      6  393.7  393.7  393.7
   75.0  18175  -84.5  -91.5     29   0.00     85      8  395.4  395.4  395.4
   74.0  18250  -83.7  -91.3     26   0.00    105     10  398.6  398.6  398.6
   73.0  18326  -82.9  -91.1     24   0.00    110     14  401.8  401.8  401.8
   70.0  18560  -80.5  -90.5     18   0.00     70     10  411.9  411.9  411.9
   68.0  18728  -77.9  -90.1     13   0.00     35     15  420.9  420.9  420.9
   65.0  18989  -73.9  -89.5      8   0.00     40     16  435.1  435.1  435.1
   63.0  19170  -71.1  -89.1      5   0.00     10     16  445.1  445.2  445.1
   61.0  19361  -71.9  -89.9      5   0.00    340     15  447.4  447.4  447.4
   60.6  19399  -72.1  -90.1      5   0.00    336     13  447.9  447.9  447.9
   60.0  19458  -72.0  -90.1      5   0.00    330     11  449.4  449.4  449.4
   58.0  19660  -71.5  -90.2      5   0.00    335      1  454.8  454.8  454.8
   54.0  20083  -70.7  -90.5      4   0.00     95     10  466.2  466.2  466.2
   53.0  20194  -70.4  -90.5      4   0.00    105     12  469.2  469.3  469.2
   50.0  20540  -69.7  -90.7      3   0.00     90     22  478.8  478.9  478.8
   49.0  20661  -69.5  -90.7      3   0.00     85     23  482.1  482.1  482.1
   44.0  21308  -68.4  -90.8      3   0.00    100     40  499.9  499.9  499.9
   43.0  21446  -68.1  -90.9      3   0.00     95     43  503.8  503.8  503.8
   41.0  21732  -67.6  -90.9      2   0.00     85     46  512.0  512.0  512.0
   35.5  22598  -66.1  -91.1      2   0.00     99     49  537.4  537.4  537.4
   35.0  22684  -66.1  -91.1      2   0.00    100     49  539.5  539.5  539.5
   32.9  23058  -66.3  -91.3      2   0.00     93     56  548.7  548.7  548.7
   32.0  23228  -64.4  -91.3      1   0.00     90     59  558.1  558.2  558.2
   31.5  23324  -63.3  -91.3      1   0.00                563.6  563.6  563.6

                         Station identifier: SBMN
                             Station number: 82332
                           Observation time: 260118/1200
                           Station latitude: -3.15
                          Station longitude: -59.98
                          Station elevation: 84.0
                            Showalter index: 0.38
                               Lifted index: -1.98
    LIFT computed using virtual temperature: -2.23
                                SWEAT index: 199.61
                                    K index: 30.50
                         Cross totals index: 19.70
                      Vertical totals index: 24.70
                        Totals totals index: 44.40
      Convective Available Potential Energy: 448.00
             CAPE using virtual temperature: 542.33
                      Convective Inhibition: -124.79
             CINS using virtual temperature: -74.87
                           Equilibrum Level: 172.43
 Equilibrum Level using virtual temperature: 172.41
                   Level of Free Convection: 664.99
             LFCT using virtual temperature: 803.27
                     Bulk Richardson Number: 155.25
          Bulk Richardson Number using CAPV: 187.93
  Temp [K] of the Lifted Condensation Level: 294.42
Pres [hPa] of the Lifted Condensation Level: 956.58
   Equivalent potential temp [K] of the LCL: 347.61
     Mean mixed layer potential temperature: 298.20
              Mean mixed layer mixing ratio: 16.97
              1000 hPa to 500 hPa thickness: 5786.00
Precipitable water [mm] for entire sounding: 50.52
