82332 SBMN Manaus (Aeroporto) Observations at 12Z 15 Jan 2026
-----------------------------------------------------------------------------
   PRES   HGHT   TEMP   DWPT   RELH   MIXR   DRCT   SKNT   THTA   THTE   THTV
    hPa     m      C      C      %    g/kg    deg   knot     K      K      K 
-----------------------------------------------------------------------------
 1003.0     84   26.4   24.3     88  19.51     80      2  299.3  356.5  302.8
 1000.0    109   25.6   24.1     91  19.33     70      5  298.8  355.3  302.2
  995.0    153   24.4   23.8     96  19.07     69      7  298.0  353.6  301.4
  981.0    278   23.8   23.2     96  18.64     67     11  298.6  353.1  301.9
  967.0    404   24.2   21.4     84  16.90     65     16  300.2  349.9  303.2
  926.0    784   22.8   17.9     74  14.13     80     26  302.6  344.6  305.1
  925.0    793   22.8   17.8     73  14.06     80     26  302.6  344.4  305.2
  892.0   1110   21.4   14.8     66  11.98     75     29  304.4  340.4  306.6
  886.0   1168   21.2   14.2     64  11.62     74     29  304.7  339.7  306.8
  861.0   1416   19.0   16.7     87  14.09     68     27  304.9  347.2  307.5
  850.0   1527   18.8   13.8     73  11.80     65     26  305.8  341.5  308.0
  849.0   1537   18.8   13.8     73  11.82     65     25  305.9  341.7  308.1
  812.0   1916   15.9   12.8     82  11.57     80     22  306.8  341.9  308.9
  765.0   2423   12.1   11.5     96  11.25     75     20  307.9  342.2  310.0
  759.0   2490   11.6   11.3     98  11.20     80     19  308.1  342.3  310.2
  747.0   2624   12.6   10.0     84  10.42     91     16  310.6  342.8  312.5
  742.0   2680   12.3    9.6     84  10.20     95     15  310.8  342.4  312.8
  724.0   2886   11.2    8.1     81   9.43     90     14  311.8  341.1  313.6
  700.0   3168    9.6    6.0     78   8.45    110     11  313.1  339.6  314.7
  686.0   3336    9.0    2.0     62   6.49    123     11  314.2  334.9  315.5
  669.0   3544    7.4    3.8     78   7.58    140     10  314.7  338.7  316.1
  659.0   3668    6.4    4.9     90   8.31    128      9  314.9  341.2  316.5
  632.0   4012    5.2    0.8     73   6.46     94      7  317.3  338.2  318.6
  568.0   4878   -0.5   -1.4     94   6.12      7      1  320.5  340.5  321.7
  563.0   4948   -0.8   -2.0     92   5.90      0      0  320.9  340.2  322.0
  523.0   5536   -3.7   -7.1     77   4.32     12      4  324.3  338.8  325.1
  509.0   5750   -5.5   -7.3     87   4.37     17      6  324.6  339.3  325.5
  500.0   5890   -6.1   -7.3     91   4.45     20      7  325.5  340.6  326.4
  424.0   7161  -13.1  -14.4     90   2.98    215     10  332.4  342.9  333.0
  406.0   7495  -14.9  -16.3     89   2.66    195     12  334.1  343.7  334.7
  400.0   7610  -15.5  -16.9     89   2.56    195     11  334.8  344.0  335.3
  399.0   7629  -15.5  -16.8     90   2.59    194     11  335.0  344.3  335.5
  340.0   8812  -24.3  -24.4     99   1.57    144      3  338.7  344.6  339.0
  330.0   9027  -25.7  -27.5     84   1.21    135      2  339.7  344.3  340.0
  313.0   9408  -28.1  -33.1     62   0.76    141      9  341.5  344.5  341.6
  300.0   9710  -30.5  -35.5     62   0.62    145     14  342.3  344.8  342.4
  293.0   9876  -31.9  -36.5     64   0.58    140     17  342.5  344.9  342.7
  265.0  10581  -38.1  -40.5     78   0.42    127     13  343.5  345.2  343.6
  250.0  10980  -41.5  -45.0     69   0.28    120     11  344.2  345.4  344.3
  219.0  11862  -49.1  -55.1     49   0.10    136     13  345.8  346.2  345.8
  212.0  12072  -50.7  -58.8     37   0.06    140     13  346.5  346.8  346.6
  203.0  12353  -52.8  -63.8     25   0.04    135     18  347.6  347.7  347.6
  200.0  12450  -53.5  -65.5     22   0.03    140     15  347.9  348.0  347.9
  187.0  12879  -56.4  -70.2     16   0.02    130     10  349.9  350.0  349.9
  185.0  12947  -56.9  -70.9     15   0.01    107      8  350.2  350.3  350.2
  179.0  13155  -58.7  -67.3     32   0.02     35      3  350.6  350.7  350.6
  175.0  13297  -59.9  -64.9     52   0.04      8      5  350.9  351.1  350.9
  166.0  13620  -62.8  -67.8     51   0.03    305     10  351.4  351.5  351.4
  150.0  14240  -68.3  -73.3     49   0.01    280     24  352.2  352.3  352.2
  146.0  14401  -69.5  -76.5     35   0.01    276     26  352.9  352.9  352.9
  140.0  14649  -70.8  -78.5     31   0.01    270     29  354.9  354.9  354.9
  133.0  14951  -72.4  -80.9     27   0.00    280     31  357.3  357.4  357.3
  129.0  15131  -73.3  -82.3     24   0.00    292     30  358.8  358.8  358.8
  125.0  15310  -74.6  -83.0     26   0.00    305     29  359.7  359.8  359.7
  115.0  15785  -77.9  -84.7     33   0.00    310     17  362.2  362.2  362.2
  107.0  16195  -80.8  -86.2     40   0.00    255     10  364.3  364.3  364.3
  100.0  16580  -83.5  -87.6     49   0.00    205     18  366.2  366.2  366.2
   95.0  16863  -85.9  -89.7     51   0.00    190     22  366.9  366.9  366.9
   93.7  16939  -86.5  -90.2     52   0.00    185     21  367.1  367.1  367.1
   91.0  17099  -86.5  -90.6     48   0.00    160     12  370.2  370.2  370.2
   89.0  17221  -86.5  -90.9     45   0.00     70      1  372.6  372.6  372.6
   86.0  17408  -86.5  -91.4     42   0.00    325     10  376.2  376.2  376.2
   85.1  17466  -86.5  -91.5     41   0.00    353     11  377.4  377.4  377.4
   82.0  17676  -84.2  -90.9     31   0.00     90     14  386.1  386.1  386.1
   81.0  17745  -83.4  -90.7     28   0.00    100     19  389.1  389.1  389.1
   75.0  18180  -78.6  -89.4     16   0.00     65     27  407.8  407.8  407.8
   73.0  18333  -76.9  -89.0     13   0.00     55     18  414.5  414.5  414.5
   71.0  18490  -75.2  -88.5     11   0.00     15     10  421.5  421.5  421.5
   70.0  18570  -74.3  -88.3     10   0.00    355      7  425.1  425.1  425.1
   69.2  18637  -74.1  -89.1      8   0.00    341      6  426.9  426.9  426.9
   66.0  18913  -74.8  -89.1      9   0.00    285      1  431.2  431.2  431.2
   64.8  19020  -75.1  -89.1     10   0.00    313      3  432.8  432.9  432.8
   60.0  19468  -74.9  -89.2      9   0.00     70     10  442.9  442.9  442.9
   56.0  19870  -74.7  -89.3      9   0.00    110     22  452.1  452.1  452.1
   52.0  20301  -74.5  -89.5      8   0.00    115     26  462.2  462.2  462.2
   51.2  20391  -74.5  -89.5      8   0.00    111     27  464.4  464.4  464.4
   50.0  20530  -72.9  -89.9      6   0.00    105     28  471.3  471.3  471.3
   46.1  21008  -71.5  -90.5      4   0.00     86     36  485.7  485.8  485.7
   45.0  21154  -68.1  -89.9      3   0.00     80     39  497.4  497.5  497.4
   43.4  21372  -62.9  -88.9      2   0.00     86     45  515.3  515.3  515.3
   40.0  21869  -65.6  -89.8      2   0.00    100     57  520.6  520.6  520.6
   37.8  22214  -67.5  -90.5      3   0.00     96     62  524.3  524.3  524.3
   35.1  22666  -62.5  -89.5      2   0.00     90     68  548.5  548.5  548.5
   35.0  22684  -62.5  -89.5      2   0.00     90     68  549.1  549.1  549.1
   32.0  23240  -61.2  -88.8      1   0.00     95     65  566.7  566.7  566.7
   30.0  23640  -60.3  -88.3      1   0.01     95     64  579.7  579.7  579.7
   28.4  23984  -57.7  -87.7      1   0.01     83     60  596.0  596.1  596.0
   28.0  24073  -58.0  -87.6      1   0.01     80     59  597.6  597.7  597.6
   26.2  24490  -59.3  -87.3      2   0.01     84     63  605.4  605.4  605.4
   23.5  25175  -56.7  -87.7      1   0.01     89     70  632.1  632.1  632.1
   23.2  25257  -54.9  -86.5      1   0.01     90     71  639.6  639.8  639.6
   23.0  25312  -53.7  -85.7      1   0.01                644.8  644.9  644.8

                         Station identifier: SBMN
                             Station number: 82332
                           Observation time: 260115/1200
                           Station latitude: -3.15
                          Station longitude: -59.98
                          Station elevation: 84.0
                            Showalter index: 0.18
                               Lifted index: -3.49
    LIFT computed using virtual temperature: -3.81
                                SWEAT index: 224.57
                                    K index: 35.10
                         Cross totals index: 19.90
                      Vertical totals index: 24.90
                        Totals totals index: 44.80
      Convective Available Potential Energy: 1107.02
             CAPE using virtual temperature: 1206.26
                      Convective Inhibition: -52.95
             CINS using virtual temperature: -31.30
                           Equilibrum Level: 173.81
 Equilibrum Level using virtual temperature: 173.57
                   Level of Free Convection: 821.94
             LFCT using virtual temperature: 839.71
                     Bulk Richardson Number: 1613.66
          Bulk Richardson Number using CAPV: 1758.32
  Temp [K] of the Lifted Condensation Level: 294.92
Pres [hPa] of the Lifted Condensation Level: 947.83
   Equivalent potential temp [K] of the LCL: 351.26
     Mean mixed layer potential temperature: 299.49
              Mean mixed layer mixing ratio: 17.71
              1000 hPa to 500 hPa thickness: 5781.00
Precipitable water [mm] for entire sounding: 58.00
