82332 SBMN Manaus (Aeroporto) Observations at 12Z 17 Feb 2026
-----------------------------------------------------------------------------
   PRES   HGHT   TEMP   DWPT   RELH   MIXR   DRCT   SKNT   THTA   THTE   THTV
    hPa     m      C      C      %    g/kg    deg   knot     K      K      K 
-----------------------------------------------------------------------------
 1005.0     84   24.2   21.7     86  16.56     80      4  296.9  344.9  299.9
 1000.0    125   23.8   21.3     86  16.23     80      4  296.9  344.0  299.8
  989.0    222   23.0   21.0     88  16.08     90     11  297.1  343.8  299.9
  973.0    365   21.8   20.5     92  15.87     88     14  297.3  343.4  300.1
  929.0    768   21.2   17.0     77  13.30     81     22  300.6  339.9  303.0
  925.0    806   21.2   16.5     75  12.93     80     23  301.0  339.2  303.3
  922.0    834   21.3   16.0     72  12.58     80     24  301.4  338.6  303.6
  908.0    967   21.8   13.8     60  11.04     84     23  303.2  336.2  305.2
  850.0   1538   17.8   14.0     78  11.96    100     19  304.8  340.8  307.0
  848.0   1558   17.6   14.1     80  12.07    105     17  304.8  341.1  307.0
  835.0   1691   16.6   14.8     89  12.84     85     13  305.1  343.7  307.4
  822.0   1824   15.9   14.1     89  12.47     65      8  305.7  343.3  308.0
  796.0   2096   14.5   12.7     89  11.74     70     10  307.0  342.6  309.1
  778.0   2290   13.4   11.7     89  11.24     85     12  307.9  342.2  310.0
  760.0   2489   12.4   10.7     89  10.74     83     12  308.8  341.8  310.8
  737.0   2746   11.2    9.2     87   9.98     80     12  310.3  341.1  312.1
  700.0   3177    9.2    6.6     84   8.81    115     13  312.6  340.2  314.3
  692.0   3270    8.7    5.9     83   8.49    120     15  313.1  339.7  314.7
  676.0   3461    7.6    4.5     81   7.86    110     17  313.9  338.8  315.4
  655.0   3717    6.1    2.5     78   7.07    100     13  315.1  337.6  316.5
  550.0   5138   -2.1   -8.1     63   3.80    116     11  321.5  334.3  322.3
  521.0   5567   -5.1   -5.7     96   4.83    121     10  322.9  339.0  323.9
  503.0   5843   -6.1  -10.0     74   3.58    124     10  325.0  337.2  325.7
  500.0   5890   -6.5   -8.9     83   3.92    125     10  325.1  338.4  325.8
  498.0   5921   -6.7   -8.3     88   4.13    123     10  325.2  339.2  326.0
  457.0   6587  -10.0  -14.2     72   2.81     90      7  329.1  338.9  329.6
  433.0   7005  -12.1  -17.9     62   2.18    140     11  331.5  339.3  332.0
  429.0   7077  -12.5  -18.5     61   2.08    136     12  331.9  339.4  332.4
  425.0   7149  -12.9  -17.9     66   2.21    133     13  332.3  340.3  332.8
  400.0   7610  -16.1  -18.1     85   2.31    110     21  334.0  342.3  334.4
  391.0   7781  -17.5  -18.8     90   2.23    104     25  334.3  342.4  334.8
  384.0   7913  -18.4  -19.8     89   2.08    100     28  334.9  342.4  335.3
  345.0   8700  -23.7  -25.8     83   1.36     65     17  338.1  343.2  338.3
  325.0   9138  -26.7  -29.2     79   1.06     67     20  339.8  343.8  340.0
  300.0   9710  -30.9  -35.9     61   0.60     70     24  341.7  344.1  341.8
  284.0  10095  -33.9  -41.9     44   0.34     70     22  342.8  344.2  342.9
  275.0  10317  -35.8  -44.5     40   0.27     70     21  343.2  344.4  343.3
  260.0  10704  -39.1  -49.1     34   0.17     85     19  343.9  344.6  344.0
  250.0  10970  -41.7  -49.7     41   0.16     85     15  343.9  344.6  344.0
  232.0  11469  -46.3  -51.5     55   0.14     80      7  344.4  345.0  344.4
  223.0  11734  -48.7  -52.4     65   0.13     76      9  344.6  345.2  344.6
  220.0  11823  -49.5  -54.5     56   0.11     74      9  344.7  345.2  344.7
  212.0  12064  -51.7  -58.7     43   0.07     70     11  344.9  345.2  345.0
  201.0  12408  -54.7  -59.3     57   0.06     47     14  345.5  345.8  345.5
  200.0  12440  -54.9  -59.7     55   0.06     45     14  345.7  345.9  345.7
  198.0  12504  -55.5  -61.5     47   0.05     45     14  345.7  345.9  345.7
  193.0  12667  -57.1  -66.1     31   0.03     46     14  345.7  345.8  345.7
  181.0  13070  -60.9  -65.9     52   0.03     48     13  345.9  346.0  345.9
  170.0  13456  -63.9  -71.5     35   0.01     50     12  347.1  347.2  347.1
  168.0  13529  -64.5  -72.5     32   0.01     30     10  347.3  347.4  347.4
  165.0  13639  -64.7  -73.2     30   0.01      0      8  348.8  348.8  348.8
  160.0  13827  -65.1  -74.4     27   0.01    310     13  351.2  351.2  351.2
  150.0  14220  -65.9  -76.9     20   0.01    280     29  356.4  356.4  356.4
  148.0  14301  -66.2  -77.2     20   0.01    280     29  357.2  357.3  357.2
  143.0  14509  -66.9  -77.9     20   0.01    272     28  359.5  359.6  359.5
  139.0  14679  -68.1  -79.8     17   0.00    265     28  360.3  360.4  360.3
  132.0  14989  -70.3  -83.3     13   0.00    262     20  361.8  361.8  361.8
  129.0  15122  -71.1  -83.6     14   0.00    260     17  362.8  362.8  362.8
  119.0  15591  -73.7  -84.8     17   0.00    280     10  366.4  366.4  366.4
  115.0  15789  -74.8  -85.3     19   0.00    310      2  367.9  367.9  367.9
  101.0  16544  -79.1  -87.1     26   0.00    110     20  373.6  373.6  373.6
  100.0  16600  -79.5  -87.5     26   0.00    110     21  373.9  373.9  373.9
   96.0  16830  -81.8  -88.3     32   0.00    110     19  373.8  373.9  373.8
   94.4  16925  -82.7  -88.7     35   0.00    105     20  373.8  373.8  373.8
   89.0  17254  -83.3  -89.6     33   0.00     90     29  379.0  379.0  379.0
   83.0  17642  -83.9  -90.6     31   0.00     95     30  385.3  385.3  385.3
   78.1  17981  -84.5  -91.5     29   0.00     74     29  390.9  390.9  390.9
   75.0  18210  -81.7  -91.0     20   0.00     60     28  401.3  401.3  401.3
   73.0  18362  -79.8  -90.7     15   0.00     70     18  408.3  408.4  408.3
   72.0  18440  -78.9  -90.6     14   0.00     85     15  412.0  412.0  412.0
   71.6  18471  -78.5  -90.5     13   0.00     89     15  413.4  413.5  413.4
   70.0  18600  -79.1  -90.1     15   0.00    105     16  414.8  414.9  414.9
   66.0  18932  -81.0  -92.0     15   0.00    105     27  417.6  417.6  417.6
   65.5  18975  -81.3  -92.3     15   0.00    103     28  418.0  418.0  418.0
   65.0  19019  -80.3  -91.9     13   0.00    100     29  421.2  421.2  421.2
   63.1  19188  -76.3  -90.3     10   0.00     78     25  433.5  433.5  433.5
   62.0  19290  -75.6  -90.1      9   0.00     65     23  437.3  437.3  437.3
   60.0  19480  -74.2  -89.7      8   0.00     80     24  444.5  444.5  444.5
   59.0  19578  -73.5  -89.5      7   0.00     78     21  448.2  448.2  448.2
   56.0  19882  -74.2  -90.2      7   0.00     70     11  453.4  453.4  453.4
   54.5  20041  -74.5  -90.5      7   0.00     78     16  456.2  456.2  456.2
   51.1  20420  -69.3  -89.3      4   0.00     98     28  476.8  476.8  476.8
   50.0  20550  -69.9  -89.9      4   0.00    105     32  478.4  478.4  478.4
   49.0  20669  -70.3  -90.3      4   0.00    115     31  480.2  480.2  480.2
   45.9  21056  -71.5  -91.5      4   0.00    107     43  486.3  486.4  486.3
   44.1  21295  -65.5  -91.5      2   0.00    103     50  506.6  506.6  506.6
   43.0  21448  -64.2  -90.9      2   0.00    100     55  513.4  513.4  513.4
   42.4  21534  -63.5  -90.5      1   0.00     97     55  517.2  517.2  517.2
   41.0  21740  -63.3  -90.5      1   0.00     90     56  522.6  522.7  522.6
   37.0  22371  -62.8  -90.6      1   0.00    100     61  539.6  539.6  539.6
   30.0  23660  -61.7  -90.7      1   0.00     90     61  575.9  575.9  575.9
   25.1  24768  -59.9  -90.9      1   0.00     90     68  611.1  611.2  611.1
   25.0                                        90     68                     

                         Station identifier: SBMN
                             Station number: 82332
                           Observation time: 260217/1200
                           Station latitude: -3.15
                          Station longitude: -59.98
                          Station elevation: 84.0
                            Showalter index: 0.09
                               Lifted index: -0.86
    LIFT computed using virtual temperature: -1.05
                                SWEAT index: 216.00
                                    K index: 35.70
                         Cross totals index: 20.50
                      Vertical totals index: 24.30
                        Totals totals index: 44.80
      Convective Available Potential Energy: 57.76
             CAPE using virtual temperature: 88.65
                      Convective Inhibition: -142.76
             CINS using virtual temperature: -115.63
                           Equilibrum Level: 446.42
 Equilibrum Level using virtual temperature: 437.70
                   Level of Free Convection: 632.58
             LFCT using virtual temperature: 662.50
                     Bulk Richardson Number: 82.15
          Bulk Richardson Number using CAPV: 126.09
  Temp [K] of the Lifted Condensation Level: 293.04
Pres [hPa] of the Lifted Condensation Level: 948.07
   Equivalent potential temp [K] of the LCL: 343.10
     Mean mixed layer potential temperature: 297.55
              Mean mixed layer mixing ratio: 15.69
              1000 hPa to 500 hPa thickness: 5765.00
Precipitable water [mm] for entire sounding: 54.34
