82332 SBMN Manaus (Aeroporto) Observations at 12Z 15 Mar 2026
-----------------------------------------------------------------------------
   PRES   HGHT   TEMP   DWPT   RELH   MIXR   DRCT   SKNT   THTA   THTE   THTV
    hPa     m      C      C      %    g/kg    deg   knot     K      K      K 
-----------------------------------------------------------------------------
 1002.0     84   26.8   22.7     78  17.68    280      6  299.8  351.7  302.9
 1000.0    102   26.4   22.6     80  17.61    305      8  299.6  351.2  302.7
  976.0    316   24.3   22.5     90  17.91    355      2  299.5  352.0  302.7
  962.0    444   23.0   22.4     96  18.09     45     12  299.4  352.5  302.7
  948.0    573   24.2   19.2     74  15.00     48     17  301.9  346.4  304.6
  941.0    638   23.8   19.1     75  15.03     50     20  302.1  346.7  304.9
  925.0    788   22.8   18.9     79  15.09     50     17  302.6  347.5  305.4
  895.0   1074   20.8   18.3     86  15.01     40     18  303.4  348.2  306.2
  857.0   1450   18.2   17.5     96  14.91     65     14  304.5  349.1  307.2
  850.0   1521   17.8   16.4     92  14.00     70     13  304.8  346.8  307.3
  844.0   1581   17.5   16.1     91  13.81     70     13  305.1  346.5  307.6
  789.0   2157   14.4   13.0     91  12.07     87     12  307.7  344.4  309.9
  749.0   2594   12.6    9.9     84  10.31    100     12  310.3  342.1  312.2
  738.0   2718   12.1    9.0     81   9.84    120     10  311.1  341.6  312.9
  700.0   3163   10.2    5.8     74   8.33    170      2  313.8  340.0  315.3
  660.0   3652    8.6    1.6     61   6.55    187      3  317.3  338.4  318.5
  507.0   5781   -6.1   -6.3     98   4.74    261      8  324.2  340.1  325.2
  500.0   5890   -6.3   -7.6     90   4.34    265      8  325.3  340.0  326.1
  493.0   6000   -6.9   -8.4     89   4.14    260      7  325.9  339.9  326.7
  485.0   6127   -6.7   -9.6     80   3.83    255      5  327.6  340.8  328.4
  465.0   6449   -8.7  -12.5     74   3.18    240      1  329.2  340.2  329.8
  441.0   6854  -11.1  -16.1     67   2.49    295     11  331.1  339.9  331.6
  430.0   7047  -12.3  -17.8     64   2.21    300     14  331.9  339.9  332.4
  427.0   7101  -12.7  -18.3     63   2.14    310     14  332.2  339.9  332.6
  419.0   7245  -13.5  -19.5     61   1.95    335     10  332.9  339.9  333.3
  400.0   7600  -15.7  -22.7     55   1.55    335      5  334.5  340.2  334.8
  398.0   7638  -15.9  -22.9     55   1.53    336      5  334.7  340.4  335.0
  387.0   7850  -17.3  -20.8     74   1.90    339      3  335.6  342.5  336.0
  374.0   8106  -18.9  -22.5     73   1.69    343      2  336.7  343.0  337.1
  368.0   8227  -19.3  -27.3     49   1.12    345      1  337.8  342.1  338.1
  364.0   8309  -19.5  -30.5     37   0.83    352      2  338.6  341.8  338.7
  335.0   8922  -24.5  -29.5     63   1.00     42      6  339.9  343.7  340.1
  300.0   9720  -30.1  -41.1     33   0.35    110     12  342.8  344.3  342.9
  299.0   9744  -30.2  -41.2     33   0.35    115     13  342.9  344.4  343.0
  296.0   9815  -30.7  -41.7     33   0.33    117     14  343.3  344.7  343.4
  271.0  10424  -36.0  -43.6     45   0.30    130     20  344.3  345.6  344.4
  262.0  10657  -38.1  -44.4     52   0.28    120     20  344.7  345.9  344.7
  250.0  10980  -40.9  -45.4     62   0.27    140     16  345.1  346.2  345.2
  248.0  11035  -41.3  -45.3     65   0.27    140     16  345.3  346.5  345.4
  232.0  11484  -45.1  -51.1     51   0.15    140     13  346.2  346.9  346.2
  229.0  11571  -45.9  -49.3     68   0.19    135     16  346.3  347.1  346.3
  224.0  11718  -46.7  -55.7     35   0.09    126     21  347.2  347.6  347.2
  221.0  11808  -47.4  -56.4     35   0.08    120     24  347.5  347.8  347.5
  219.0  11868  -47.9  -56.9     35   0.08    123     25  347.6  348.0  347.6
  211.0  12111  -50.2  -56.3     48   0.09    135     28  347.8  348.2  347.8
  201.0  12428  -53.1  -55.6     74   0.10    126     28  348.0  348.5  348.0
  200.0  12460  -53.3  -56.0     72   0.10    125     28  348.2  348.6  348.2
  193.0  12689  -54.9  -57.3     75   0.09    121     30  349.2  349.6  349.2
  191.0  12755  -55.5  -61.5     47   0.05    119     30  349.3  349.5  349.3
  184.0  12991  -57.5  -62.4     54   0.05    115     32  349.7  349.9  349.7
  175.0  13307  -60.3  -63.5     66   0.04    125     32  350.2  350.4  350.2
  170.0  13485  -61.8  -66.4     54   0.03    130     32  350.7  350.8  350.7
  155.0  14052  -66.5  -75.5     27   0.01    115     37  352.0  352.1  352.0
  150.0  14250  -68.3  -74.3     42   0.01    110     39  352.2  352.3  352.2
  147.0  14370  -69.4  -73.9     52   0.01    115     39  352.4  352.5  352.4
  145.0  14452  -70.1  -73.6     60   0.01    111     36  352.5  352.6  352.6
  143.0  14534  -70.7  -75.0     53   0.01    106     32  352.9  352.9  352.9
  138.0  14745  -71.3  -78.3     35   0.01     95     24  355.4  355.5  355.4
  136.0  14828  -71.8  -78.8     35   0.01     90     20  356.0  356.0  356.0
  128.0  15176  -74.0  -80.8     35   0.00     55     10  358.3  358.3  358.3
  126.0  15266  -74.6  -81.3     35   0.00     35      9  358.9  358.9  358.9
  121.0  15499  -76.0  -82.6     35   0.00    330     11  360.4  360.4  360.4
  119.0  15594  -76.6  -83.1     35   0.00    315     12  361.1  361.1  361.1
  114.0  15840  -78.2  -84.5     35   0.00    320     17  362.6  362.7  362.6
  101.0  16535  -82.5  -88.5     36   0.00    260     18  367.0  367.1  367.0
  100.0  16590  -83.1  -89.1     35   0.00    260     18  366.9  366.9  366.9
   95.0  16873  -84.8  -90.1     39   0.00    240     13  369.1  369.1  369.1
   92.0  17050  -85.8  -90.8     41   0.00    145      2  370.4  370.4  370.4
   91.8  17062  -85.9  -90.8     42   0.00    145      2  370.5  370.5  370.5
   89.0  17233  -85.5  -90.9     38   0.00     75     12  374.6  374.6  374.6
   83.0  17617  -84.5  -91.0     32   0.00    110     15  384.1  384.1  384.1
   80.3  17799  -84.1  -91.1     29   0.00    102     19  388.6  388.6  388.6
   73.0  18348  -73.4  -91.5      5   0.00     80     30  421.9  421.9  421.9
   71.0  18508  -70.3  -91.6      3   0.00     65     22  431.9  431.9  431.9
   70.0  18590  -68.7  -91.7      2   0.00     65     22  437.1  437.1  437.1
   68.6  18711  -67.9  -93.9      1   0.00     19     18  441.3  441.3  441.3
   67.0  18851  -68.6  -93.4      2   0.00    325     13  442.8  442.8  442.8
   63.0  19215  -70.5  -92.2      3   0.00    300     10  446.5  446.5  446.5
   59.0  19604  -72.5  -90.8      5   0.00     85      1  450.4  450.5  450.4
   58.6  19644  -72.7  -90.7      5   0.00     85      1  450.9  450.9  450.9
   56.0  19912  -71.8  -90.7      5   0.00    110     10  458.7  458.7  458.7
   53.0  20236  -70.8  -90.7      4   0.00    130     14  468.4  468.4  468.4
   51.0  20463  -70.1  -90.7      4   0.00    110     19  475.2  475.3  475.2
   50.0  20580  -69.7  -90.7      3   0.00    110     22  478.8  478.9  478.8
   48.0  20823  -70.2  -91.2      3   0.00    110     29  483.4  483.4  483.4
   46.5  21011  -70.5  -91.5      3   0.00     98     32  486.9  486.9  486.9
   45.3  21168  -67.1  -91.1      2   0.00     88     34  498.8  498.8  498.8
   45.0  21208  -67.0  -91.0      2   0.00     85     35  500.1  500.1  500.1
   41.0  21777  -65.0  -90.3      2   0.00     85     45  518.5  518.5  518.5
   35.7  22622  -62.1  -89.1      2   0.00     87     48  546.9  546.9  546.9
   30.2  23658  -61.1  -89.1      1   0.00     90     52  576.4  576.4  576.4
   30.0                                        90     52                     

                         Station identifier: SBMN
                             Station number: 82332
                           Observation time: 260315/1200
                           Station latitude: -3.15
                          Station longitude: -59.98
                          Station elevation: 84.0
                            Showalter index: -2.06
                               Lifted index: -3.59
    LIFT computed using virtual temperature: -3.92
                                SWEAT index: 230.79
                                    K index: 36.10
                         Cross totals index: 22.70
                      Vertical totals index: 24.10
                        Totals totals index: 46.80
      Convective Available Potential Energy: 858.38
             CAPE using virtual temperature: 973.21
                      Convective Inhibition: -36.22
             CINS using virtual temperature: -28.59
                           Equilibrum Level: 169.50
 Equilibrum Level using virtual temperature: 169.42
                   Level of Free Convection: 853.71
             LFCT using virtual temperature: 859.38
                     Bulk Richardson Number: 346.49
          Bulk Richardson Number using CAPV: 392.85
  Temp [K] of the Lifted Condensation Level: 294.55
Pres [hPa] of the Lifted Condensation Level: 939.55
   Equivalent potential temp [K] of the LCL: 350.98
     Mean mixed layer potential temperature: 299.86
              Mean mixed layer mixing ratio: 17.45
              1000 hPa to 500 hPa thickness: 5788.00
Precipitable water [mm] for entire sounding: 58.32
